번호,공시대상회사,보고서명,제출인,접수일자,비고,popup_href,report_href
1,코  인터엠,[기재정정]사업보고서 (2012.09),인터엠,2012.12.31,정연,00145914,20120927000011
2,기  평산차업집단유한공사,사업보고서 (2012.09),평산차업집단유한공사,2012.12.31,정연,00599230,20120927000011
3,기  글로웍스,사업보고서 (2012.09),글로웍스,2012.12.31,,00251190,20120927000011
4,코  중앙에너비스,사업보고서 (2012.09),중앙에너비스,2012.12.31,,00149770,20120927000011
5,기  대한은박지,사업보고서 (2012.09),대한은박지,2012.12.31,,00113173,20120927000011
6,유  방림,사업보고서 (2012.09),방림,2012.12.31,연,00122348,20120927000011
7,기  아시아퍼시픽15호선박투자회사,[기재정정]사업보고서 (2012.08),아시아퍼시픽15호선박투자회사,2012.12.31,연,00533678,20120927000011
8,기  아시아퍼시픽14호선박투자회사,사업보고서 (2012.09),아시아퍼시픽14호선박투자회사,2012.12.31,연,00533696,20120927000011
9,코  농우바이오,사업보고서 (2012.09),농우바이오,2012.12.31,연,00176835,20120927000011
10,기  제이엠씨중공업,사업보고서 (2011.09),제이엠씨중공업,2012.12.31,,00219185,20120927000011
11,기  제이엠씨중공업,사업보고서 (2012.09),제이엠씨중공업,2012.12.31,,00219185,20120927000011
12,코  한국기업평가,사업보고서 (2012.09),한국기업평가,2012.12.28,연,00156956,20120927000011
13,유  금비,사업보고서 (2012.09),금비,2012.12.28,정연,00168401,20120927000011
14,코  아이씨디,사업보고서 (2012.09),아이씨디,2012.12.28,,00298377,20120927000011
15,코  이크레더블,사업보고서 (2012.09),이크레더블,2012.12.28,연,00634728,20120927000011
16,코  한스바이오메드,사업보고서 (2012.09),한스바이오메드,2012.12.28,연,00349060,20120927000011
17,코  인터엠,사업보고서 (2012.09),인터엠,2012.12.28,정연,00145914,20120927000011
18,코  소프트센,사업보고서 (2012.09),소프트센,2012.12.28,,00204226,20120927000011
19,유  신영와코루,사업보고서 (2012.09),신영와코루,2012.12.28,연,00136624,20120927000011
20,기  에이디모터스,[기재정정]사업보고서 (2010.12),에이디모터스,2012.12.20,,00266989,20120927000011
21,기  에이디모터스,[기재정정]사업보고서 (2009.12),에이디모터스,2012.12.20,,00266989,20120927000011
22,기  에이디모터스,[기재정정]사업보고서 (2010.12),에이디모터스,2012.12.18,정,00266989,20120927000011
23,기  에이디모터스,[기재정정]사업보고서 (2009.12),에이디모터스,2012.12.18,정,00266989,20120927000011
24,기  중국고섬공고유한공사,[기재정정]사업보고서 (2010.12),중국고섬공고유한공사,2012.12.18,연,00844884,20120927000011
25,코  HLB이노베이션,[첨부정정]사업보고서 (2011.12),HLB이노베이션,2012.12.13,연,00155586,20120927000011
26,기  바이오빌,[기재정정]사업보고서 (2011.12),바이오빌,2012.12.06,연,00155382,20120927000011
27,기  아시아퍼시픽15호선박투자회사,사업보고서 (2012.08),아시아퍼시픽15호선박투자회사,2012.11.29,정연,00533678,20120927000011
28,코  풍강,사업보고서 (2012.08),풍강,2012.11.28,,00155373,20120927000011
29,코  씨씨에스,[기재정정]사업보고서 (2011.12),씨씨에스,2012.11.15,연,00249441,20120927000011
30,기  더블유저축은행,사업보고서 (2012.06),더블유저축은행,2012.11.14,,00141361,20120927000011
31,기  유아이에너지,[기재정정]사업보고서 (2011.12),유아이에너지,2012.11.14,,00262123,20120927000011
32,기  한울저축은행,[기재정정]사업보고서 (2012.06),한울저축은행,2012.11.12,,00153481,20120927000011
33,유  신한지주,[기재정정]사업보고서 (2011.12),신한지주,2012.10.26,연,00382199,20120927000011
34,기  신한은행,[기재정정]사업보고서 (2011.12),신한은행,2012.10.26,연,00149293,20120927000011
35,유  신한지주,[기재정정]사업보고서 (2010.12),신한지주,2012.10.26,연,00382199,20120927000011
36,기  신한은행,[기재정정]사업보고서 (2010.12),신한은행,2012.10.26,연,00149293,20120927000011
37,기  신한은행,[기재정정]사업보고서 (2010.12),신한은행,2012.10.26,정연,00149293,20120927000011
38,코  씨엑스아이,사업보고서 (2012.06),씨엑스아이,2012.10.23,정연,00800084,20120927000011
39,기  골든브릿지저축은행,[기재정정]사업보고서 (2012.06),골든브릿지저축은행,2012.10.17,,00174509,20120927000011
40,코  비츠로셀,[기재정정]사업보고서 (2012.03),비츠로셀,2012.10.15,,00154718,20120927000011
41,기  서울상호저축은행,[기재정정]사업보고서 (2012.06),서울상호저축은행,2012.10.12,,00130815,20120927000011
42,코  비츠로시스,[기재정정]사업보고서 (2012.03),비츠로시스,2012.10.12,연,00201432,20120927000011
43,코  비츠로테크,[기재정정]사업보고서 (2012.03),비츠로테크,2012.10.12,연,00103644,20120927000011
44,기  중국식품포장유한공사,[기재정정]사업보고서 (2012.03),중국식품포장유한공사,2012.10.12,연,00694003,20120927000011
45,유  이화산업,[기재정정]사업보고서 (2012.03),이화산업,2012.10.11,연,00145686,20120927000011
46,기  부산방직공업,[기재정정]사업보고서 (2012.03),부산방직공업,2012.10.10,연,00124018,20120927000011
47,유  한국주철관공업,[기재정정]사업보고서 (2012.03),한국주철관공업,2012.10.10,연,00159573,20120927000011
48,유  오리엔트바이오,[기재정정]사업보고서 (2012.03),오리엔트바이오,2012.10.10,정연,00141626,20120927000011
49,유  콜마홀딩스,[기재정정]사업보고서 (2012.03),콜마홀딩스,2012.10.10,연,00203290,20120927000011
50,유  일양약품,[기재정정]사업보고서 (2012.03),일양약품,2012.10.09,,00146454,20120927000011
51,유  엔피씨,[첨부정정]사업보고서 (2010.12),엔피씨,2012.10.08,연,00108038,20120927000011
52,기  제너시스템즈,[기재정정]사업보고서 (2012.03),제너시스템즈,2012.10.08,연,00453752,20120927000011
53,유  엔피씨,[첨부정정]사업보고서 (2010.12),엔피씨,2012.10.08,정연,00108038,20120927000011
54,기  국제엘렉트릭코리아,[기재정정]사업보고서 (2012.03),국제엘렉트릭코리아,2012.10.08,,00218052,20120927000011
55,기  에스비아이저축은행,사업보고서 (2012.06),에스비아이저축은행,2012.10.08,,00174518,20120927000011
56,유  대동전자,[기재정정]사업보고서 (2012.03),대동전자,2012.10.08,연,00157104,20120927000011
57,유  대동전자,[기재정정]사업보고서 (2012.03),대동전자,2012.10.05,정연,00157104,20120927000011
58,코  바른손,[기재정정]사업보고서 (2012.03),바른손,2012.10.05,정연,00122205,20120927000011
59,코  3S,[기재정정]사업보고서 (2012.03),3S,2012.10.05,연,00378363,20120927000011
60,코  화성밸브,[기재정정]사업보고서 (2012.03),화성밸브,2012.10.05,,00217743,20120927000011
61,유  유유제약,[기재정정]사업보고서 (2012.03),유유제약,2012.10.05,연,00144818,20120927000011
62,기  한울저축은행,[기재정정]사업보고서 (2012.06),한울저축은행,2012.10.04,정,00153481,20120927000011
63,기  골든브릿지저축은행,사업보고서 (2012.06),골든브릿지저축은행,2012.09.28,정,00174509,20120927000011
64,기  해솔저축은행,사업보고서 (2012.06),해솔저축은행,2012.09.28,,00547422,20120927000011
65,기  에스비아이2저축은행,사업보고서 (2012.06),에스비아이2저축은행,2012.09.28,,00100416,20120927000011
66,기  서울상호저축은행,사업보고서 (2012.06),서울상호저축은행,2012.09.28,정,00130815,20120927000011
67,기  솔로몬저축은행,사업보고서 (2012.06),솔로몬저축은행,2012.09.28,연,00189343,20120927000011
68,유  신성통상,사업보고서 (2012.06),신성통상,2012.09.28,정연,00136341,20120927000011
69,기  신라상호저축은행,사업보고서 (2012.06),신라상호저축은행,2012.09.28,,00170123,20120927000011
70,코  양지사,사업보고서 (2012.06),양지사,2012.09.28,,00139685,20120927000011
71,기  조은저축은행,사업보고서 (2012.06),조은저축은행,2012.09.28,,00136095,20120927000011
72,기  다올저축은행,사업보고서 (2012.06),다올저축은행,2012.09.28,,00165149,20120927000011
73,기  경기상호저축은행,사업보고서 (2012.06),경기상호저축은행,2012.09.28,,00385433,20120927000011
74,기  한국저축은행,사업보고서 (2012.06),한국저축은행,2012.09.28,연,00104704,20120927000011
75,유  세원정공,사업보고서 (2012.06),세원정공,2012.09.28,정연,00134316,20120927000011
76,기  진흥저축은행,사업보고서 (2012.06),진흥저축은행,2012.09.28,연,00150855,20120927000011
77,코  효성오앤비,사업보고서 (2012.06),효성오앤비,2012.09.28,연,00367385,20120927000011
78,코  메디콕스,사업보고서 (2012.06),메디콕스,2012.09.28,,00356839,20120927000011
79,기  코크렙제8호위탁관리부동산투자회사,사업보고서 (2012.06),코크렙제8호위탁관리부동산투자회사,2012.09.28,,00560025,20120927000011
80,유  체시스,사업보고서 (2012.06),체시스,2012.09.28,연,00125576,20120927000011
81,코  와이오엠,사업보고서 (2012.06),와이오엠,2012.09.28,,00370200,20120927000011
82,기  동양밸류오션기업인수목적,사업보고서 (2012.06),동양밸류오션기업인수목적,2012.09.28,,00798530,20120927000011
83,기  코크렙제15호기업구조조정부동산투자회사,사업보고서 (2012.06),코크렙제15호기업구조조정부동산투자회사,2012.09.28,,00788807,20120927000011
84,기  아시아퍼시픽12호선박투자회사,사업보고서 (2012.06),아시아퍼시픽12호선박투자회사,2012.09.28,연,00533836,20120927000011
85,기  아시아퍼시픽11호선박투자회사,사업보고서 (2012.06),아시아퍼시픽11호선박투자회사,2012.09.28,연,00533793,20120927000011
86,코  푸른저축은행,사업보고서 (2012.06),푸른저축은행,2012.09.28,,00124805,20120927000011
87,기  스마트저축은행,사업보고서 (2012.06),스마트저축은행,2012.09.28,,00151030,20120927000011
88,기  영남저축은행,사업보고서 (2012.06),영남저축은행,2012.09.28,,00173166,20120927000011
89,코  아세아텍,사업보고서 (2012.06),아세아텍,2012.09.28,연,00138747,20120927000011
90,기  알에스넷,사업보고서 (2012.06),알에스넷,2012.09.28,,00207436,20120927000011
91,기  상상인저축은행,사업보고서 (2012.06),상상인저축은행,2012.09.28,,00163585,20120927000011
92,코  바이온  IR,사업보고서 (2012.06),바이온,2012.09.28,연,00232089,20120927000011
93,기  대백저축은행,사업보고서 (2012.06),대백저축은행,2012.09.28,,00110060,20120927000011
94,기  한울저축은행,사업보고서 (2012.06),한울저축은행,2012.09.28,정,00153481,20120927000011
95,기  애큐온저축은행,사업보고서 (2012.06),애큐온저축은행,2012.09.27,연,00111014,20120927000011
96,기  디비저축은행,사업보고서 (2012.06),디비저축은행,2012.09.27,,00115667,20120927000011
97,코  TPC,사업보고서 (2012.06),TPC,2012.09.27,정연,00108649,20120927000011
98,유  만호제강,사업보고서 (2012.06),만호제강,2012.09.27,정연,00120872,20120927000011
99,기  두함지개발,사업보고서 (2012.06),두함지개발,2012.09.27,,00131328,20120927000011
100,코  에스폴리텍,[기재정정]사업보고서 (2011.12),에스폴리텍,2012.09.27,연,00340272,20120927000011
101,기  하이콘테크,사업보고서 (2012.06),하이콘테크,2012.09.26,,00164335,20120629000311
102,코  비덴트,사업보고서 (2012.06),비덴트,2012.09.25,,00693651,20120629000311
103,기  메탈씨닷컴,사업보고서 (2012.06),메탈씨닷컴,2012.09.20,,00683353,20120629000311
104,유  보해양조,[기재정정]사업보고서 (2011.12),보해양조,2012.09.18,연,00123541,20120629000311
105,유  형지엘리트,[첨부정정]사업보고서 (2012.06),형지엘리트,2012.09.18,연,00441243,20120629000311
106,유  형지엘리트,[기재정정]사업보고서 (2012.06),형지엘리트,2012.09.18,정연,00441243,20120629000311
107,유  형지엘리트,사업보고서 (2012.06),형지엘리트,2012.09.14,정연,00441243,20120629000311
108,유  동원시스템즈,[기재정정]사업보고서 (2011.12),동원시스템즈,2012.09.14,연,00132637,20120629000311
109,기  유아이에너지,[기재정정]사업보고서 (2011.12),유아이에너지,2012.09.13,정,00262123,20120629000311
110,기  디지텍시스템스,[기재정정]사업보고서 (2011.12),디지텍시스템스,2012.09.03,연,00543231,20120629000311
111,유  한화생명,[기재정정]사업보고서 (2012.03),한화생명,2012.08.31,연,00113058,20120629000311
112,기  아시아퍼시픽13호선박투자회사,사업보고서 (2012.05),아시아퍼시픽13호선박투자회사,2012.08.29,연,00533757,20120629000311
113,기  아시아퍼시픽10호선박투자회사,사업보고서 (2012.05),아시아퍼시픽10호선박투자회사,2012.08.29,연,00533580,20120629000311
114,기  코크렙제14호위탁관리부동산투자회사,사업보고서 (2012.05),코크렙제14호위탁관리부동산투자회사,2012.08.29,,00659879,20120629000311
115,유  쌍방울,[기재정정]사업보고서 (2011.12),쌍방울,2012.08.29,연,00681142,20120629000311
116,기  싸이더스,[기재정정]사업보고서 (2011.12),싸이더스,2012.08.23,,00366119,20120629000311
117,기  코레이트자산운용,[기재정정]사업보고서 (2012.03),코레이트자산운용,2012.08.21,연,00314790,20120629000311
118,기  지티앤티,[기재정정]사업보고서 (2011.12),지티앤티,2012.08.14,연,00351269,20120629000311
119,코  에코플라스틱,[기재정정]사업보고서 (2011.12),에코플라스틱,2012.08.13,연,00139153,20120629000311
120,기  트러스와이제7호위탁관리부동산투자회사,사업보고서 (2012.04),트러스와이제7호위탁관리부동산투자회사,2012.07.30,,00865382,20120629000311
121,기  코레이트자산운용,사업보고서 (2012.03),코레이트자산운용,2012.07.26,정연,00314790,20120629000311
122,유  팬오션,[기재정정]사업보고서 (2011.12),팬오션,2012.07.23,연,00122737,20120629000311
123,기  중국식품포장유한공사,사업보고서 (2012.03),중국식품포장유한공사,2012.07.23,정연,00694003,20120629000311
124,유  보해양조,[기재정정]사업보고서 (2011.12),보해양조,2012.07.19,정연,00123541,20120629000311
125,유  미래에셋생명,[기재정정]사업보고서 (2012.03),미래에셋생명,2012.07.16,연,00112332,20120629000311
126,코  파인테크닉스,[기재정정]사업보고서 (2011.12),파인테크닉스,2012.07.16,연,00755739,20120629000311
127,유  노루홀딩스,[기재정정]사업보고서 (2011.12),노루홀딩스,2012.07.11,연,00113508,20120629000311
128,기  NH농협증권,[첨부정정]사업보고서 (2012.03),NH농협증권,2012.07.10,연,00116860,20120629000311
129,기  신일건업,[기재정정]사업보고서 (2011.12),신일건업,2012.07.06,연,00136970,20120629000311
130,기  동아닷컴,사업보고서 (2011.12),동아닷컴,2012.07.06,,00446965,20120629000311
131,기  KB손해보험,[기재정정]사업보고서 (2012.03),KB손해보험,2012.07.05,연,00120216,20120629000311
132,유  상상인증권,[기재정정]사업보고서 (2012.03),상상인증권,2012.07.05,연,00112059,20120629000311
133,기  수자원기술,사업보고서 (2011.12),수자원기술,2012.07.04,,00437514,20120629000311
134,유  상상인증권,사업보고서 (2012.03),상상인증권,2012.06.29,정연,00112059,20120629000311
135,기  경향신문사,사업보고서 (2012.03),경향신문사,2012.06.29,,00102399,20120629000311
136,유  에이플러스에셋,사업보고서 (2012.03),에이플러스에셋,2012.06.29,,00684802,20120629000311
137,기  그린손해보험,사업보고서 (2012.03),그린손해보험,2012.06.29,연,00104971,20120629000311
138,기  아루히,사업보고서 (2012.03),아루히,2012.06.29,,00907660,20120629000311
139,기  쌍용씨앤이,[기재정정]사업보고서 (2011.12),쌍용씨앤이,2012.06.29,연,00138224,20120629000311
140,코  비츠로테크,사업보고서 (2012.03),비츠로테크,2012.06.29,정연,00103644,20120629000311
141,기  KB손해보험,사업보고서 (2012.03),KB손해보험,2012.06.29,정연,00120216,20120629000311
142,기  쌍용씨앤이,[기재정정]사업보고서 (2010.12),쌍용씨앤이,2012.06.29,연,00138224,20120629000311
143,유  미래에셋생명,사업보고서 (2012.03),미래에셋생명,2012.06.29,정연,00112332,20120629000311
144,기  쌍용씨앤이,[기재정정]사업보고서 (2009.12),쌍용씨앤이,2012.06.29,연,00138224,20120629000311
145,유  흥국화재,사업보고서 (2012.03),흥국화재,2012.06.29,연,00103176,20120629000311
146,유  동양생명,사업보고서 (2012.03),동양생명,2012.06.29,정연,00117267,20120629000311
147,유  오리엔트바이오,사업보고서 (2012.03),오리엔트바이오,2012.06.29,정연,00141626,20120629000311
148,기  케이디비생명보험,[기재정정]사업보고서 (2012.03),케이디비생명보험,2012.06.29,연,00104069,20120629000311
149,유  대신증권,사업보고서 (2012.03),대신증권,2012.06.29,연,00110893,20120629000311
150,코  LS증권,사업보고서 (2012.03),LS증권,2012.06.29,,00330424,20120629000311
151,유  현대해상,사업보고서 (2012.03),현대해상,2012.06.29,연,00164973,20120629000311
152,기  NH농협증권,사업보고서 (2012.03),NH농협증권,2012.06.29,정연,00116860,20120629000311
153,유  한화생명,사업보고서 (2012.03),한화생명,2012.06.29,정연,00113058,20120629000311
154,코  3S,사업보고서 (2012.03),3S,2012.06.29,정연,00378363,20120629000311
155,코  3S,[기재정정]사업보고서 (2011.03),3S,2012.06.29,,00378363,20120629000311
156,유  롯데손해보험,사업보고서 (2012.03),롯데손해보험,2012.06.29,,00113562,20120629000311
157,유  부국증권,사업보고서 (2012.03),부국증권,2012.06.29,연,00123772,20120629000311
158,기  아이엠라이프생명보험,사업보고서 (2012.03),아이엠라이프생명보험,2012.06.29,연,00124063,20120629000311
159,기  삼성생명서비스손해사정,[기재정정]사업보고서 (2012.03),삼성생명서비스손해사정,2012.06.29,,00558279,20120629000311
160,기  맥쿼리증권,사업보고서 (2012.03),맥쿼리증권,2012.06.29,,00586041,20120629000311
161,유  교보증권,사업보고서 (2012.03),교보증권,2012.06.29,,00113359,20120629000311
162,기  우리종합금융,사업보고서 (2012.03),우리종합금융,2012.06.29,연,00104102,20120629000311
163,유  유안타증권,사업보고서 (2012.03),유안타증권,2012.06.29,연,00117601,20120629000311
164,유  메리츠금융지주,사업보고서 (2012.03),메리츠금융지주,2012.06.29,연,00860332,20120629000311
165,유  한국주철관공업,사업보고서 (2012.03),한국주철관공업,2012.06.29,정연,00159573,20120629000311
166,유  한국금융지주,사업보고서 (2012.03),한국금융지주,2012.06.29,연,00432102,20120629000311
167,유  삼성생명,사업보고서 (2012.03),삼성생명,2012.06.29,연,00126256,20120629000311
168,기  한국스탠다드차타드증권,사업보고서 (2012.03),한국스탠다드차타드증권,2012.06.29,,00685704,20120629000311
169,기  화인파트너스,사업보고서 (2012.03),화인파트너스,2012.06.29,연,00104421,20120629000311
170,유  DB금융투자,사업보고서 (2012.03),DB금융투자,2012.06.29,연,00115694,20120629000311
171,유  DB손해보험,사업보고서 (2012.03),DB손해보험,2012.06.29,연,00159102,20120629000311
172,유  NH투자증권,사업보고서 (2012.03),NH투자증권,2012.06.29,연,00120182,20120629000311
173,기  리딩투자증권,사업보고서 (2012.03),리딩투자증권,2012.06.29,연,00323549,20120629000311
174,기  한국투자증권,사업보고서 (2012.03),한국투자증권,2012.06.29,연,00160144,20120629000311
175,유  유진증권,사업보고서 (2012.03),유진증권,2012.06.29,연,00131054,20120629000311
176,유  신영증권,사업보고서 (2012.03),신영증권,2012.06.29,연,00136721,20120629000311
177,기  에이플러스리얼티,사업보고서 (2012.03),에이플러스리얼티,2012.06.29,,00803869,20120629000311
178,유  유화증권,사업보고서 (2012.03),유화증권,2012.06.29,,00145190,20120629000311
179,기  DB생명보험,사업보고서 (2012.03),DB생명보험,2012.06.29,연,00168933,20120629000311
180,기  이코리아자기관리부동산투자회사,사업보고서 (2012.03),이코리아자기관리부동산투자회사,2012.06.29,,00846396,20120629000311
181,유  미래에셋증권  IR,사업보고서 (2012.03),미래에셋증권,2012.06.29,연,00111722,20120629000311
182,유  삼성증권,사업보고서 (2012.03),삼성증권,2012.06.29,연,00104856,20120629000311
183,유  코리안리,사업보고서 (2012.03),코리안리,2012.06.29,연,00113191,20120629000311
184,기  비엔피파리바증권,사업보고서 (2012.03),비엔피파리바증권,2012.06.29,,00502182,20120629000311
185,기  케이비투자증권,사업보고서 (2012.03),케이비투자증권,2012.06.29,연,00219389,20120629000311
186,기  부산방직공업,사업보고서 (2012.03),부산방직공업,2012.06.29,정연,00124018,20120629000311
187,기  화인자산관리,사업보고서 (2012.03),화인자산관리,2012.06.29,연,00156521,20120629000311
188,유  한화투자증권,사업보고서 (2012.03),한화투자증권,2012.06.29,연,00148610,20120629000311
189,코  바른손,사업보고서 (2012.03),바른손,2012.06.29,정연,00122205,20120629000311
190,유  기신정기,사업보고서 (2012.03),기신정기,2012.06.29,연,00106614,20120629000311
191,기  케이디비생명보험,사업보고서 (2012.03),케이디비생명보험,2012.06.29,정연,00104069,20120629000311
192,코  글로본  IR,사업보고서 (2012.03),글로본,2012.06.29,연,00159731,20120629000311
193,기  아이엠투자증권,사업보고서 (2012.03),아이엠투자증권,2012.06.29,연,00149327,20120629000311
194,기  미래에셋캐피탈,사업보고서 (2012.03),미래에셋캐피탈,2012.06.29,연,00251738,20120629000311
195,유  일양약품,사업보고서 (2012.03),일양약품,2012.06.29,정,00146454,20120629000311
196,기  케이비증권,사업보고서 (2012.03),케이비증권,2012.06.29,연,00164876,20120629000311
197,유  다올투자증권,사업보고서 (2012.03),다올투자증권,2012.06.29,연,00156859,20120629000311
198,기  에이플러스라이프,사업보고서 (2012.03),에이플러스라이프,2012.06.29,,00838652,20120629000311
199,기  제너시스템즈,사업보고서 (2012.03),제너시스템즈,2012.06.29,정연,00453752,20120629000311
200,코  메이슨캐피탈,사업보고서 (2012.03),메이슨캐피탈,2012.06.29,연,00136101,20120629000311
201,기  노무라금융투자,사업보고서 (2012.03),노무라금융투자,2012.06.29,,00825968,20120531001193
202,유  SK증권,사업보고서 (2012.03),SK증권,2012.06.29,연,00131850,20120531001193
203,기  삼성생명서비스손해사정,사업보고서 (2012.03),삼성생명서비스손해사정,2012.06.29,정,00558279,20120531001193
204,기  국제엘렉트릭코리아,사업보고서 (2012.03),국제엘렉트릭코리아,2012.06.29,정,00218052,20120531001193
205,기  메리츠화재해상보험,사업보고서 (2012.03),메리츠화재해상보험,2012.06.29,연,00117744,20120531001193
206,기  아이엠증권,사업보고서 (2012.03),아이엠증권,2012.06.29,연,00148665,20120531001193
207,유  동원금속,사업보고서 (2012.03),동원금속,2012.06.29,정연,00118008,20120531001193
208,유  대구백화점,사업보고서 (2012.03),대구백화점,2012.06.29,,00108977,20120531001193
209,기  GS파워,[첨부정정]사업보고서 (2011.12),GS파워,2012.06.29,,00325185,20120531001193
210,코  비츠로시스,사업보고서 (2012.03),비츠로시스,2012.06.29,정연,00201432,20120531001193
211,코  한국캐피탈,사업보고서 (2012.03),한국캐피탈,2012.06.29,,00149594,20120531001193
212,기  오릭스캐피탈코리아,사업보고서 (2012.03),오릭스캐피탈코리아,2012.06.29,,00502410,20120531001193
213,유  한화손해보험,사업보고서 (2012.03),한화손해보험,2012.06.29,연,00135917,20120531001193
214,기  덴소코리아,사업보고서 (2012.03),덴소코리아,2012.06.29,,00334244,20120531001193
215,코  대신정보통신,사업보고서 (2012.03),대신정보통신,2012.06.29,,00110875,20120531001193
216,유  삼성화재해상보험,사업보고서 (2012.03),삼성화재해상보험,2012.06.29,연,00139214,20120531001193
217,기  아이비케이투자증권,사업보고서 (2012.03),아이비케이투자증권,2012.06.29,,00684918,20120531001193
218,유  현대차증권,사업보고서 (2012.03),현대차증권,2012.06.28,,00137997,20120531001193
219,유  한양증권,사업보고서 (2012.03),한양증권,2012.06.28,,00162416,20120531001193
220,코  플루토스,사업보고서 (2012.03),플루토스,2012.06.28,,00110750,20120531001193
221,기  한국증권금융,사업보고서 (2012.03),한국증권금융,2012.06.28,,00159643,20120531001193
222,유  대동전자,[기재정정]사업보고서 (2012.03),대동전자,2012.06.28,정연,00157104,20120531001193
223,기  대우증권그린코리아기업인수목적회사,사업보고서 (2012.03),대우증권그린코리아기업인수목적회사,2012.06.28,,00797674,20120531001193
224,코  화성밸브,사업보고서 (2012.03),화성밸브,2012.06.28,정,00217743,20120531001193
225,유  대동전자,사업보고서 (2012.03),대동전자,2012.06.28,정연,00157104,20120531001193
226,코  이씨에스,사업보고서 (2012.03),이씨에스,2012.06.28,,00400060,20120531001193
227,유  유유제약,사업보고서 (2012.03),유유제약,2012.06.28,정연,00144818,20120531001193
228,기  씨티그룹글로벌마켓증권,사업보고서 (2012.03),씨티그룹글로벌마켓증권,2012.06.27,,00243508,20120531001193
229,유  이화산업,사업보고서 (2012.03),이화산업,2012.06.27,정연,00145686,20120531001193
230,유  지엠비코리아,[기재정정]사업보고서 (2011.12),지엠비코리아,2012.06.27,연,00156354,20120531001193
231,유  세아제강지주,[첨부정정]사업보고서 (2011.12),세아제강지주,2012.06.27,연,00124197,20120531001193
232,기  케이알투자증권,사업보고서 (2012.03),케이알투자증권,2012.06.26,,00537559,20120531001193
233,기  신한투자증권,사업보고서 (2012.03),신한투자증권,2012.06.25,연,00138321,20120531001193
234,유  키움증권,사업보고서 (2012.03),키움증권,2012.06.25,연,00296290,20120531001193
235,기  중국고섬공고유한공사,사업보고서 (2011.12),중국고섬공고유한공사,2012.06.25,연,00844884,20120531001193
236,기  미래에셋증권,사업보고서 (2012.03),미래에셋증권,2012.06.22,연,00311030,20120531001193
237,코  비츠로셀,사업보고서 (2012.03),비츠로셀,2012.06.22,정,00154718,20120531001193
238,유  KB금융,[기재정정]사업보고서 (2011.12),KB금융,2012.06.22,연,00688996,20120531001193
239,기  하나증권,사업보고서 (2012.03),하나증권,2012.06.22,연,00113465,20120531001193
240,코  웨이브일렉트로,[기재정정]사업보고서 (2011.12),웨이브일렉트로,2012.06.21,연,00526696,20120531001193
241,유  일진전기,[기재정정]사업보고서 (2011.12),일진전기,2012.06.19,연,00683469,20120531001193
242,코  서울옥션,[기재정정]사업보고서 (2011.12),서울옥션,2012.06.18,연,00410915,20120531001193
243,기  벽산건설,[기재정정]사업보고서 (2011.12),벽산건설,2012.06.15,연,00122922,20120531001193
244,기  차이나하오란리사이클링유한공사,[기재정정]사업보고서 (2011.12),차이나하오란리사이클링유한공사,2012.06.15,연,00790121,20120531001193
245,기  신한,[기재정정]사업보고서 (2011.12),신한,2012.06.15,연,00173740,20120531001193
246,코  TKG애강,[기재정정]사업보고서 (2011.12),TKG애강,2012.06.15,연,00140061,20120531001193
247,유  사조대림,[기재정정]사업보고서 (2011.12),사조대림,2012.06.14,연,00109718,20120531001193
248,코  케스피온,[기재정정]사업보고서 (2011.12),케스피온,2012.06.14,연,00479705,20120531001193
249,코  동양이엔피,[기재정정]사업보고서 (2011.12),동양이엔피,2012.06.14,연,00178790,20120531001193
250,코  큐렉소,[기재정정]사업보고서 (2011.12),큐렉소,2012.06.13,연,00356802,20120531001193
251,유  인스코비  IR,[기재정정]사업보고서 (2011.12),인스코비,2012.06.13,,00122825,20120531001193
252,유  동양,[기재정정]사업보고서 (2011.12),동양,2012.06.13,연,00117337,20120531001193
253,유  CJ CGV,[기재정정]사업보고서 (2011.12),CJ CGV,2012.06.12,연,00303873,20120531001193
254,코  차바이오텍  IR,[기재정정]사업보고서 (2011.12),차바이오텍,2012.06.12,연,00525679,20120531001193
255,기  유니드코리아,[기재정정]사업보고서 (2011.12),유니드코리아,2012.06.12,연,00653990,20120531001193
256,기  메리츠증권,사업보고서 (2012.03),메리츠증권,2012.06.12,연,00163682,20120531001193
257,기  영진코퍼레이션,[기재정정]사업보고서 (2011.12),영진코퍼레이션,2012.06.11,연,00356158,20120531001193
258,코  케스피온,[기재정정]사업보고서 (2011.12),케스피온,2012.06.11,정연,00479705,20120531001193
259,기  한컴지엠디,[기재정정]사업보고서 (2011.12),한컴지엠디,2012.06.11,연,00473400,20120531001193
260,유  SBS,[기재정정]사업보고서 (2011.12),SBS,2012.06.11,연,00130772,20120531001193
261,코  홈센타홀딩스,[기재정정]사업보고서 (2011.12),홈센타홀딩스,2012.06.11,연,00288495,20120531001193
262,코  스타코링크,[기재정정]사업보고서 (2011.12),스타코링크,2012.06.11,연,00373571,20120531001193
263,기  선진지주,[기재정정]사업보고서 (2011.12),선진지주,2012.06.08,연,00132114,20120531001193
264,유  이엔플러스,[기재정정]사업보고서 (2011.12),이엔플러스,2012.06.08,연,00469799,20120531001193
265,기  제네시스디벨롭먼트홀딩스,[기재정정]사업보고서 (2011.12),제네시스디벨롭먼트홀딩스,2012.06.08,연,00350738,20120531001193
266,기  자유투어,[기재정정]사업보고서 (2011.12),자유투어,2012.06.08,연,00343127,20120531001193
267,기  예당컴퍼니,[기재정정]사업보고서 (2011.12),예당컴퍼니,2012.06.08,연,00252393,20120531001193
268,코  우리산업홀딩스,[기재정정]사업보고서 (2011.12),우리산업홀딩스,2012.06.08,연,00359623,20120531001193
269,코  풍국주정,[기재정정]사업보고서 (2011.12),풍국주정,2012.06.08,연,00155452,20120531001193
270,코  지엔코,[기재정정]사업보고서 (2011.12),지엔코,2012.06.08,연,00258102,20120531001193
271,유  이수페타시스,[기재정정]사업보고서 (2011.12),이수페타시스,2012.06.08,연,00107613,20120531001193
272,유  일정실업,[기재정정]사업보고서 (2011.12),일정실업,2012.06.08,연,00146542,20120531001193
273,코  유니셈,[기재정정]사업보고서 (2011.12),유니셈,2012.06.08,연,00260569,20120531001193
274,코  서희건설,[기재정정]사업보고서 (2011.12),서희건설,2012.06.07,연,00219848,20120531001193
275,코  미코,[기재정정]사업보고서 (2011.12),미코,2012.06.07,연,00366942,20120531001193
276,기  한국아트라스비엑스,[기재정정]사업보고서 (2011.12),한국아트라스비엑스,2012.06.07,연,00159290,20120531001193
277,유  삼영,[기재정정]사업보고서 (2011.12),삼영,2012.06.07,연,00127255,20120531001193
278,기  경남기업,[기재정정]사업보고서 (2011.12),경남기업,2012.06.07,연,00101257,20120531001193
279,코  웰킵스하이텍,[기재정정]사업보고서 (2011.12),웰킵스하이텍,2012.06.07,연,00260611,20120531001193
280,기  모린스,[기재정정]사업보고서 (2011.12),모린스,2012.06.07,,00676380,20120531001193
281,코  스타코링크,[기재정정]사업보고서 (2011.12),스타코링크,2012.06.07,정연,00373571,20120531001193
282,코  에스아이리소스,[기재정정]사업보고서 (2011.12),에스아이리소스,2012.06.05,연,00120906,20120531001193
283,기  신비앤텍,[기재정정]사업보고서 (2011.12),신비앤텍,2012.06.05,연,00446479,20120531001193
284,유  혜인,[기재정정]사업보고서 (2011.12),혜인,2012.06.05,연,00165343,20120531001193
285,코  빌리언스,[첨부정정]사업보고서 (2011.12),빌리언스,2012.06.05,연,00173449,20120531001193
286,코  하이비젼시스템,[기재정정]사업보고서 (2011.12),하이비젼시스템,2012.06.05,,00825959,20120531001193
287,기  자유투어,[기재정정]사업보고서 (2011.12),자유투어,2012.06.05,정연,00343127,20120531001193
288,기  디케이씨,[기재정정]사업보고서 (2011.12),디케이씨,2012.06.05,연,00324104,20120531001193
289,코  HLB생명과학,[기재정정]사업보고서 (2011.12),HLB생명과학,2012.06.05,,00365590,20120531001193
290,유  콜마홀딩스,사업보고서 (2012.03),콜마홀딩스,2012.06.04,정연,00203290,20120531001193
291,코  미래나노텍,[기재정정]사업보고서 (2011.12),미래나노텍,2012.06.04,연,00526836,20120531001193
292,코  대주산업,[기재정정]사업보고서 (2011.12),대주산업,2012.06.01,연,00112457,20120531001193
293,코  하이록코리아,[기재정정]사업보고서 (2011.12),하이록코리아,2012.06.01,연,00165060,20120531001193
294,코  하이록코리아,[기재정정]사업보고서 (2011.12),하이록코리아,2012.06.01,정연,00165060,20120531001193
295,코  가비아,[기재정정]사업보고서 (2011.12),가비아,2012.06.01,연,00506294,20120531001193
296,코  다날,[기재정정]사업보고서 (2011.12),다날,2012.06.01,연,00389970,20120531001193
297,코  현대바이오,[기재정정]사업보고서 (2011.12),현대바이오,2012.06.01,연,00313649,20120531001193
298,코  팜스토리,[기재정정]사업보고서 (2011.12),팜스토리,2012.05.31,연,00192499,20120531001193
299,코  폴라리스오피스,[기재정정]사업보고서 (2011.12),폴라리스오피스,2012.05.31,연,00269852,20120531001193
300,유  백산,[기재정정]사업보고서 (2011.12),백산,2012.05.31,연,00122551,20120531001193
301,코  원익큐브,[기재정정]사업보고서 (2011.12),원익큐브,2012.05.31,,00128175,20120515001182
302,유  이아이디,[기재정정]사업보고서 (2011.12),이아이디,2012.05.31,연,00480950,20120515001182
303,유  LX하우시스,[기재정정]사업보고서 (2011.12),LX하우시스,2012.05.31,연,00759513,20120515001182
304,코  프럼파스트,[기재정정]사업보고서 (2011.12),프럼파스트,2012.05.31,연,00356389,20120515001182
305,코  텔레칩스,[기재정정]사업보고서 (2011.12),텔레칩스,2012.05.31,,00423177,20120515001182
306,유  삼익악기,[기재정정]사업보고서 (2011.12),삼익악기,2012.05.31,연,00127857,20120515001182
307,기  SK,[첨부정정]사업보고서 (2011.12),SK,2012.05.30,연,00144155,20120515001182
308,유  롯데칠성음료  IR,[기재정정]사업보고서 (2011.12),롯데칠성음료,2012.05.30,연,00120571,20120515001182
309,유  HDC,[기재정정]사업보고서 (2011.12),HDC,2012.05.30,연,00164636,20120515001182
310,유  팜젠사이언스,[기재정정]사업보고서 (2011.12),팜젠사이언스,2012.05.30,연,00135050,20120515001182
311,유  코오롱,[기재정정]사업보고서 (2011.12),코오롱,2012.05.30,연,00152862,20120515001182
312,기  텔라움,[기재정정]사업보고서 (2011.12),텔라움,2012.05.30,연,00304401,20120515001182
313,유  한진,[기재정정]사업보고서 (2011.12),한진,2012.05.30,연,00163512,20120515001182
314,코  삼보판지,[기재정정]사업보고서 (2011.12),삼보판지,2012.05.30,연,00125938,20120515001182
315,유  고려아연,[기재정정]사업보고서 (2011.12),고려아연,2012.05.30,연,00102858,20120515001182
316,코  푸드웰,[기재정정]사업보고서 (2011.12),푸드웰,2012.05.30,연,00165103,20120515001182
317,코  에스에이엠티,[기재정정]사업보고서 (2011.12),에스에이엠티,2012.05.30,연,00128661,20120515001182
318,코  케이아이엔엑스,[기재정정]사업보고서 (2011.12),케이아이엔엑스,2012.05.30,연,00603348,20120515001182
319,유  금호건설,[기재정정]사업보고서 (2011.12),금호건설,2012.05.30,연,00106313,20120515001182
320,코  에스티아이,[기재정정]사업보고서 (2011.12),에스티아이,2012.05.30,연,00298340,20120515001182
321,코  이엠텍,[기재정정]사업보고서 (2011.12),이엠텍,2012.05.30,연,00541163,20120515001182
322,기  현대카드  IR,[기재정정]사업보고서 (2011.12),현대카드,2012.05.30,연,00222374,20120515001182
323,유  농심,[기재정정]사업보고서 (2011.12),농심,2012.05.30,연,00108241,20120515001182
324,코  삼진엘앤디,[기재정정]사업보고서 (2011.12),삼진엘앤디,2012.05.30,연,00239514,20120515001182
325,유  엘에스일렉트릭,[기재정정]사업보고서 (2011.12),엘에스일렉트릭,2012.05.29,연,00105855,20120515001182
326,코  제넨바이오,[기재정정]사업보고서 (2011.12),제넨바이오,2012.05.29,연,00408956,20120515001182
327,유  한국가스공사,[기재정정]사업보고서 (2011.12),한국가스공사,2012.05.29,연,00261285,20120515001182
328,기  아시아퍼시픽9호선박투자회사,사업보고서 (2012.02),아시아퍼시픽9호선박투자회사,2012.05.29,연,00510914,20120515001182
329,코  크린앤사이언스,[기재정정]사업보고서 (2011.12),크린앤사이언스,2012.05.29,연,00185222,20120515001182
330,유  신원,[기재정정]사업보고서 (2011.12),신원,2012.05.29,연,00136864,20120515001182
331,기  트레이스,[첨부정정]사업보고서 (2011.12),트레이스,2012.05.29,연,00348177,20120515001182
332,기  홈플러스,사업보고서 (2012.02),홈플러스,2012.05.25,연,00300061,20120515001182
333,유  아진전자부품,[기재정정]사업보고서 (2011.12),아진전자부품,2012.05.25,연,00111689,20120515001182
334,유  광동제약,[기재정정]사업보고서 (2011.12),광동제약,2012.05.25,연,00103592,20120515001182
335,코  뉴프렉스,[기재정정]사업보고서 (2011.12),뉴프렉스,2012.05.25,연,00493510,20120515001182
336,기  하나증권,[기재정정]사업보고서 (2011.03),하나증권,2012.05.25,,00113465,20120515001182
337,기  위다스,[기재정정]사업보고서 (2011.12),위다스,2012.05.25,연,00351153,20120515001182
338,코  케이피에프,[기재정정]사업보고서 (2011.12),케이피에프,2012.05.25,연,00157636,20120515001182
339,유  인팩,[기재정정]사업보고서 (2011.12),인팩,2012.05.24,연,00180795,20120515001182
340,코  케이씨피드,[기재정정]사업보고서 (2011.12),케이씨피드,2012.05.24,연,00101752,20120515001182
341,유  지누스  IR,사업보고서 (2011.12),지누스,2012.05.24,연,00150633,20120515001182
342,기  대한상선,[첨부정정]사업보고서 (2011.12),대한상선,2012.05.24,연,00126061,20120515001182
343,기  대한상선,[첨부정정]사업보고서 (2011.12),대한상선,2012.05.24,정연,00126061,20120515001182
344,코  파커스,[기재정정]사업보고서 (2011.12),파커스,2012.05.23,연,00384762,20120515001182
345,유  에이엔피,[기재정정]사업보고서 (2011.12),에이엔피,2012.05.22,연,00143314,20120515001182
346,코  신화인터텍,[기재정정]사업보고서 (2011.12),신화인터텍,2012.05.22,연,00228350,20120515001182
347,코  위즈코프,[기재정정]사업보고서 (2011.12),위즈코프,2012.05.22,연,00264228,20120515001182
348,코  현대바이오랜드,[기재정정]사업보고서 (2011.12),현대바이오랜드,2012.05.22,연,00347062,20120515001182
349,유  한세엠케이,[기재정정]사업보고서 (2011.12),한세엠케이,2012.05.22,연,00357360,20120515001182
350,유  우진플라임,[기재정정]사업보고서 (2011.12),우진플라임,2012.05.22,연,00303217,20120515001182
351,코  에스티오,[기재정정]사업보고서 (2011.12),에스티오,2012.05.21,연,00612188,20120515001182
352,기  위너지스,[기재정정]사업보고서 (2011.12),위너지스,2012.05.21,연,00207223,20120515001182
353,코  케이피엠테크,[기재정정]사업보고서 (2011.12),케이피엠테크,2012.05.21,연,00206686,20120515001182
354,기  성융광전투자유한공사,[기재정정]사업보고서 (2011.12),성융광전투자유한공사,2012.05.21,연,00830377,20120515001182
355,코  엠에스씨,[기재정정]사업보고서 (2011.12),엠에스씨,2012.05.21,연,00121154,20120515001182
356,기  코너스톤네트웍스,[기재정정]사업보고서 (2011.12),코너스톤네트웍스,2012.05.21,연,00194275,20120515001182
357,기  사조해표,[기재정정]사업보고서 (2011.12),사조해표,2012.05.21,연,00503899,20120515001182
358,기  터보테크,[기재정정]사업보고서 (2011.12),터보테크,2012.05.18,연,00229818,20120515001182
359,코  크레버스,[기재정정]사업보고서 (2011.12),크레버스,2012.05.18,연,00525882,20120515001182
360,기  아주엘앤에프홀딩스,[첨부정정]사업보고서 (2011.12),아주엘앤에프홀딩스,2012.05.18,연,00193805,20120515001182
361,유  사조동아원,[기재정정]사업보고서 (2011.12),사조동아원,2012.05.18,연,00137252,20120515001182
362,코  APS,[기재정정]사업보고서 (2011.12),APS,2012.05.18,연,00296078,20120515001182
363,유  영원무역,[기재정정]사업보고서 (2011.12),영원무역,2012.05.18,연,00776820,20120515001182
364,유  웅진,[기재정정]사업보고서 (2011.12),웅진,2012.05.18,연,00143651,20120515001182
365,코  아이엠,[기재정정]사업보고서 (2011.12),아이엠,2012.05.18,연,00609634,20120515001182
366,기  글라소울,[기재정정]사업보고서 (2011.12),글라소울,2012.05.17,,00272412,20120515001182
367,코  HLB테라퓨틱스,[기재정정]사업보고서 (2011.12),HLB테라퓨틱스,2012.05.17,연,00552859,20120515001182
368,코  더테크놀로지,[기재정정]사업보고서 (2011.12),더테크놀로지,2012.05.17,연,00351454,20120515001182
369,코  엘오티베큠  IR,[기재정정]사업보고서 (2011.12),엘오티베큠,2012.05.16,연,00484682,20120515001182
370,코  좋은사람들,[기재정정]사업보고서 (2011.12),좋은사람들,2012.05.16,연,00205003,20120515001182
371,기  제이웨이,[첨부정정]사업보고서 (2011.12),제이웨이,2012.05.16,,00359474,20120515001182
372,기  해피드림,[첨부정정]사업보고서 (2011.12),해피드림,2012.05.16,,00389679,20120515001182
373,기  해피드림,[첨부정정]사업보고서 (2010.12),해피드림,2012.05.16,,00389679,20120515001182
374,기  해피드림,[첨부정정]사업보고서 (2009.12),해피드림,2012.05.16,,00389679,20120515001182
375,기  해피드림,[첨부정정]사업보고서 (2008.12),해피드림,2012.05.16,,00389679,20120515001182
376,코  메지온,[기재정정]사업보고서 (2011.12),메지온,2012.05.15,,00808022,20120515001182
377,코  대산F&B  IR,[기재정정]사업보고서 (2011.12),대산F&B,2012.05.15,연,00390860,20120515001182
378,코  코맥스,[기재정정]사업보고서 (2011.12),코맥스,2012.05.15,연,00268118,20120515001182
379,코  CNH,[기재정정]사업보고서 (2011.12),CNH,2012.05.15,연,00149266,20120515001182
380,코  흥국,[기재정정]사업보고서 (2011.12),흥국,2012.05.15,연,00167031,20120515001182
381,코  에스코넥,[첨부정정]사업보고서 (2011.12),에스코넥,2012.05.15,연,00573269,20120515001182
382,유  한솔테크닉스,[첨부정정]사업보고서 (2011.12),한솔테크닉스,2012.05.15,연,00157399,20120515001182
383,코  CNH,[기재정정]사업보고서 (2011.12),CNH,2012.05.15,정연,00149266,20120515001182
384,기  티브로드도봉강북방송,[기재정정]사업보고서 (2011.12),티브로드도봉강북방송,2012.05.15,연,00244729,20120515001182
385,유  삼화전기,[기재정정]사업보고서 (2011.12),삼화전기,2012.05.15,정연,00129271,20120515001182
386,유  대원화성,[기재정정]사업보고서 (2011.12),대원화성,2012.05.15,연,00112022,20120515001182
387,기  에스케이엔펄스,[기재정정]사업보고서 (2011.12),에스케이엔펄스,2012.05.15,연,00307189,20120515001182
388,기  디에스티,[기재정정]사업보고서 (2011.12),디에스티,2012.05.15,연,00244419,20120515001182
389,코  메가스터디,[기재정정]사업보고서 (2011.12),메가스터디,2012.05.15,연,00422284,20120515001182
390,코  SM C&C,[기재정정]사업보고서 (2011.12),SM C&C,2012.05.15,연,00185046,20120515001182
391,코  가온그룹,[기재정정]사업보고서 (2011.12),가온그룹,2012.05.15,연,00441304,20120515001182
392,유  무학,[기재정정]사업보고서 (2011.12),무학,2012.05.15,연,00121543,20120515001182
393,유  보해양조,[기재정정]사업보고서 (2011.12),보해양조,2012.05.15,정연,00123541,20120515001182
394,코  조아제약,[기재정정]사업보고서 (2011.12),조아제약,2012.05.15,,00231831,20120515001182
395,코  안국약품,[기재정정]사업보고서 (2011.12),안국약품,2012.05.15,연,00139205,20120515001182
396,코  한국전자금융,[기재정정]사업보고서 (2011.12),한국전자금융,2012.05.15,연,00363769,20120515001182
397,코  원익홀딩스,[기재정정]사업보고서 (2011.12),원익홀딩스,2012.05.15,연,00216647,20120515001182
398,코  유비벨록스,[기재정정]사업보고서 (2011.12),유비벨록스,2012.05.15,연,00592653,20120515001182
399,유  신일전자,[기재정정]사업보고서 (2011.12),신일전자,2012.05.15,연,00173698,20120515001182
400,유  청호ICT,[기재정정]사업보고서 (2011.12),청호ICT,2012.05.15,연,00151863,20120515001182
401,유  덕양산업,[기재정정]사업보고서 (2011.12),덕양산업,2012.05.15,,00114154,20120426000058
402,코  국일제지,[기재정정]사업보고서 (2011.12),국일제지,2012.05.15,연,00104573,20120426000058
403,유  자화전자,[기재정정]사업보고서 (2011.12),자화전자,2012.05.15,연,00146861,20120426000058
404,코  바른손이앤에이,[기재정정]사업보고서 (2011.12),바른손이앤에이,2012.05.15,연,00259590,20120426000058
405,코  인바디,[기재정정]사업보고서 (2011.12),인바디,2012.05.15,연,00269922,20120426000058
406,기  더스텔라,[기재정정]사업보고서 (2011.12),더스텔라,2012.05.15,연,00307037,20120426000058
407,유  동원F&B,[기재정정]사업보고서 (2011.12),동원F&B,2012.05.15,연,00340917,20120426000058
408,유  비에이치,[기재정정]사업보고서 (2011.12),비에이치,2012.05.15,연,00447609,20120426000058
409,코  딜리,[기재정정]사업보고서 (2011.12),딜리,2012.05.15,연,00629212,20120426000058
410,기  케이엔씨글로벌,[기재정정]사업보고서 (2011.12),케이엔씨글로벌,2012.05.15,,00394778,20120426000058
411,유  가온전선,[기재정정]사업보고서 (2011.12),가온전선,2012.05.15,연,00104768,20120426000058
412,코  한솔인티큐브,[기재정정]사업보고서 (2011.12),한솔인티큐브,2012.05.15,연,00470829,20120426000058
413,유  AK홀딩스,[기재정정]사업보고서 (2011.12),AK홀딩스,2012.05.15,연,00125080,20120426000058
414,코  동일금속,[기재정정]사업보고서 (2011.12),동일금속,2012.05.15,,00118284,20120426000058
415,코  디에스케이,[기재정정]사업보고서 (2011.12),디에스케이,2012.05.15,연,00530121,20120426000058
416,유  MH에탄올,[기재정정]사업보고서 (2011.12),MH에탄올,2012.05.15,연,00121534,20120426000058
417,유  성보화학,[기재정정]사업보고서 (2011.12),성보화학,2012.05.15,,00132725,20120426000058
418,코  SFA반도체,[기재정정]사업보고서 (2011.12),SFA반도체,2012.05.15,연,00301246,20120426000058
419,코  알톤,[기재정정]사업보고서 (2011.12),알톤,2012.05.15,연,00821607,20120426000058
420,유  에이프로젠,[기재정정]사업보고서 (2011.12),에이프로젠,2012.05.15,연,00152385,20120426000058
421,기  태림페이퍼,[기재정정]사업보고서 (2011.12),태림페이퍼,2012.05.15,연,00118460,20120426000058
422,유  조흥,[기재정정]사업보고서 (2011.12),조흥,2012.05.15,,00149345,20120426000058
423,코  미래컴퍼니,[기재정정]사업보고서 (2011.12),미래컴퍼니,2012.05.15,연,00447760,20120426000058
424,코  DMS,[기재정정]사업보고서 (2011.12),DMS,2012.05.15,연,00361594,20120426000058
425,유  코리아써키트,[기재정정]사업보고서 (2011.12),코리아써키트,2012.05.15,연,00152686,20120426000058
426,코  율호,[기재정정]사업보고서 (2011.12),율호,2012.05.15,연,00583026,20120426000058
427,코  포스코엠텍,[기재정정]사업보고서 (2011.12),포스코엠텍,2012.05.15,연,00128111,20120426000058
428,기  넥스콘테크놀러지,[기재정정]사업보고서 (2011.12),넥스콘테크놀러지,2012.05.15,연,00264644,20120426000058
429,코  삼영이엔씨,[기재정정]사업보고서 (2011.12),삼영이엔씨,2012.05.15,정,00288343,20120426000058
430,유  팜스코,[기재정정]사업보고서 (2011.12),팜스코,2012.05.15,연,00260408,20120426000058
431,코  테스,[기재정정]사업보고서 (2011.12),테스,2012.05.15,,00524421,20120426000058
432,기  플렉스컴,[기재정정]사업보고서 (2011.12),플렉스컴,2012.05.15,연,00364926,20120426000058
433,코  케이엠더블유,[기재정정]사업보고서 (2011.12),케이엠더블유,2012.05.15,연,00226352,20120426000058
434,코  기산텔레콤,[기재정정]사업보고서 (2011.12),기산텔레콤,2012.05.14,연,00258421,20120426000058
435,기  일레덱스홀딩스,[기재정정]사업보고서 (2011.12),일레덱스홀딩스,2012.05.14,연,00268011,20120426000058
436,코  큐렉소,[기재정정]사업보고서 (2011.12),큐렉소,2012.05.14,정연,00356802,20120426000058
437,코  한양이엔지,[기재정정]사업보고서 (2011.12),한양이엔지,2012.05.14,연,00216762,20120426000058
438,코  제이엔케이글로벌,[기재정정]사업보고서 (2011.12),제이엔케이글로벌,2012.05.14,연,00442154,20120426000058
439,유  대한제강,[기재정정]사업보고서 (2011.12),대한제강,2012.05.14,연,00113225,20120426000058
440,코  위지트,[기재정정]사업보고서 (2011.12),위지트,2012.05.14,,00258360,20120426000058
441,코  비에이치아이,[기재정정]사업보고서 (2011.12),비에이치아이,2012.05.14,연,00409788,20120426000058
442,코  뷰웍스,[기재정정]사업보고서 (2011.12),뷰웍스,2012.05.14,연,00609324,20120426000058
443,코  대봉엘에스,[기재정정]사업보고서 (2011.12),대봉엘에스,2012.05.14,연,00442826,20120426000058
444,코  남화토건,[기재정정]사업보고서 (2011.12),남화토건,2012.05.14,연,00108001,20120426000058
445,코  조광ILI,[기재정정]사업보고서 (2011.12),조광ILI,2012.05.14,연,00291860,20120426000058
446,코  삼일,[기재정정]사업보고서 (2011.12),삼일,2012.05.14,,00127909,20120426000058
447,기  에이치씨코퍼레이션,[기재정정]사업보고서 (2011.12),에이치씨코퍼레이션,2012.05.14,연,00241236,20120426000058
448,기  엠제이비,[기재정정]사업보고서 (2011.12),엠제이비,2012.05.14,연,00418476,20120426000058
449,코  고영,[기재정정]사업보고서 (2011.12),고영,2012.05.14,연,00579999,20120426000058
450,코  더테크놀로지,[기재정정]사업보고서 (2011.12),더테크놀로지,2012.05.14,정연,00351454,20120426000058
451,기  아라온테크,[기재정정]사업보고서 (2011.12),아라온테크,2012.05.14,연,00264857,20120426000058
452,코  우림피티에스,[기재정정]사업보고서 (2011.12),우림피티에스,2012.05.14,연,00567222,20120426000058
453,코  시큐브,[기재정정]사업보고서 (2011.12),시큐브,2012.05.14,,00402110,20120426000058
454,코  월덱스,[기재정정]사업보고서 (2011.12),월덱스,2012.05.14,연,00580065,20120426000058
455,유  조광페인트,[기재정정]사업보고서 (2011.12),조광페인트,2012.05.14,연,00148920,20120426000058
456,유  화신,[기재정정]사업보고서 (2011.12),화신,2012.05.14,연,00166315,20120426000058
457,코  로보스타,[기재정정]사업보고서 (2011.12),로보스타,2012.05.14,연,00536523,20120426000058
458,코  오상헬스케어,[기재정정]사업보고서 (2011.12),오상헬스케어,2012.05.11,,00260657,20120426000058
459,기  글라소울,[기재정정]사업보고서 (2011.12),글라소울,2012.05.11,정,00272412,20120426000058
460,유  휴스틸,[첨부정정]사업보고서 (2011.12),휴스틸,2012.05.11,연,00156488,20120426000058
461,코  코메론,[기재정정]사업보고서 (2011.12),코메론,2012.05.11,연,00152783,20120426000058
462,코  제넥신,[기재정정]사업보고서 (2011.12),제넥신,2012.05.11,연,00545929,20120426000058
463,코  오성첨단소재,[기재정정]사업보고서 (2011.12),오성첨단소재,2012.05.11,연,00350048,20120426000058
464,유  한올바이오파마,[기재정정]사업보고서 (2011.12),한올바이오파마,2012.05.11,연,00162586,20120426000058
465,유  모나미,[기재정정]사업보고서 (2011.12),모나미,2012.05.11,연,00121288,20120426000058
466,코  한양디지텍,[기재정정]사업보고서 (2011.12),한양디지텍,2012.05.11,연,00488989,20120426000058
467,유  동양고속,[기재정정]사업보고서 (2011.12),동양고속,2012.05.11,연,00540641,20120426000058
468,코  메타바이오메드,[기재정정]사업보고서 (2011.12),메타바이오메드,2012.05.11,연,00317681,20120426000058
469,유  부산주공,[기재정정]사업보고서 (2011.12),부산주공,2012.05.11,정,00124151,20120426000058
470,유  경동나비엔,[기재정정]사업보고서 (2011.12),경동나비엔,2012.05.11,연,00101488,20120426000058
471,코  HLB생명과학,[기재정정]사업보고서 (2011.12),HLB생명과학,2012.05.11,정,00365590,20120426000058
472,유  케이티스카이라이프,[기재정정]사업보고서 (2011.12),케이티스카이라이프,2012.05.10,연,00349097,20120426000058
473,코  파인디앤씨,[기재정정]사업보고서 (2011.12),파인디앤씨,2012.05.10,연,00350020,20120426000058
474,기  성지건설,[기재정정]사업보고서 (2011.12),성지건설,2012.05.10,,00133238,20120426000058
475,유  진도,[기재정정]사업보고서 (2011.12),진도,2012.05.10,연,00557933,20120426000058
476,기  케이비물산,사업보고서 (2012.01),케이비물산,2012.05.09,연,00154189,20120426000058
477,코  인피니트헬스케어,[기재정정]사업보고서 (2011.12),인피니트헬스케어,2012.05.09,연,00435969,20120426000058
478,기  알바이오,[기재정정]사업보고서 (2011.12),알바이오,2012.05.04,연,00112004,20120426000058
479,코  코데즈컴바인  IR,[기재정정]사업보고서 (2011.12),코데즈컴바인,2012.05.04,연,00329093,20120426000058
480,유  보해양조,[기재정정]사업보고서 (2011.12),보해양조,2012.05.03,정연,00123541,20120426000058
481,유  HS애드,[기재정정]사업보고서 (2011.12),HS애드,2012.05.03,연,00140168,20120426000058
482,코  애머릿지,[기재정정]사업보고서 (2011.12),애머릿지,2012.05.02,연,00781202,20120426000058
483,기  대한상선,[첨부정정]사업보고서 (2011.12),대한상선,2012.05.02,정연,00126061,20120426000058
484,기  성융광전투자유한공사,사업보고서 (2011.12),성융광전투자유한공사,2012.04.30,정연,00830377,20120426000058
485,기  연합과기공고유한공사,사업보고서 (2011.12),연합과기공고유한공사,2012.04.30,연,00680161,20120426000058
486,코  애머릿지,사업보고서 (2011.12),애머릿지,2012.04.30,정연,00781202,20120426000058
487,기  코웰이홀딩스유한공사,사업보고서 (2011.12),코웰이홀딩스유한공사,2012.04.30,연,00642648,20120426000058
488,기  완리인터내셔널홀딩스,사업보고서 (2011.12),완리인터내셔널홀딩스,2012.04.30,연,00842327,20120426000058
489,기  3노드디지탈그룹유한공사,사업보고서 (2011.12),3노드디지탈그룹유한공사,2012.04.30,연,00630111,20120426000058
490,기  웨이포트유한공사,사업보고서 (2011.12),웨이포트유한공사,2012.04.30,연,00823687,20120426000058
491,기  중국원양자원유한공사,사업보고서 (2011.12),중국원양자원유한공사,2012.04.27,연,00722500,20120426000058
492,기  에스앤씨엔진그룹리미티드,사업보고서 (2011.12),에스앤씨엔진그룹리미티드,2012.04.27,연,00786331,20120426000058
493,기  차이나하오란리사이클링유한공사,사업보고서 (2011.12),차이나하오란리사이클링유한공사,2012.04.27,정연,00790121,20120426000058
494,코  이스트아시아홀딩스,사업보고서 (2011.12),이스트아시아홀딩스,2012.04.27,연,00799070,20120426000058
495,유  롯데쇼핑  IR,[기재정정]사업보고서 (2011.12),롯데쇼핑,2012.04.27,연,00120526,20120426000058
496,코  아주IB투자,[기재정정]사업보고서 (2011.12),아주IB투자,2012.04.27,연,00156895,20120426000058
497,기  차이나그레이트스타인터내셔널리미티드,사업보고서 (2011.12),차이나그레이트스타인터내셔널리미티드,2012.04.27,연,00695464,20120426000058
498,기  우리금융지주,[첨부정정]사업보고서 (2011.12),우리금융지주,2012.04.26,연,00375302,20120426000058
499,기  우리은행,[기재정정]사업보고서 (2011.12),우리은행,2012.04.26,연,00254045,20120426000058
500,유  플레이그램,[기재정정]사업보고서 (2011.12),플레이그램,2012.04.26,연,00103130,20120426000058
501,기  내일신문,사업보고서 (2011.12),내일신문,2012.04.26,,00368515,20120330003478
502,코  대양전기공업,[기재정정]사업보고서 (2011.12),대양전기공업,2012.04.25,,00111193,20120330003478
503,기  네오퍼플,[기재정정]사업보고서 (2011.12),네오퍼플,2012.04.24,연,00121251,20120330003478
504,코  판타지오,[기재정정]사업보고서 (2011.12),판타지오,2012.04.23,,00231691,20120330003478
505,코  크린앤사이언스,[첨부정정]사업보고서 (2011.12),크린앤사이언스,2012.04.23,정연,00185222,20120330003478
506,유  한국앤컴퍼니,[기재정정]사업보고서 (2011.12),한국앤컴퍼니,2012.04.20,연,00160047,20120330003478
507,코  푸른기술,[기재정정]사업보고서 (2011.12),푸른기술,2012.04.20,,00537832,20120330003478
508,기  넥스트솔루션,사업보고서 (2011.12),넥스트솔루션,2012.04.20,,00261975,20120330003478
509,코  비트컴퓨터,[기재정정]사업보고서 (2011.12),비트컴퓨터,2012.04.20,연,00231707,20120330003478
510,유  대유에이텍,[기재정정]사업보고서 (2011.12),대유에이텍,2012.04.20,연,00149804,20120330003478
511,기  화성도시공사,[첨부정정]사업보고서 (2011.12),화성도시공사,2012.04.19,,00858355,20120330003478
512,유  엘브이엠씨,사업보고서 (2011.12),엘브이엠씨,2012.04.19,연,00838500,20120330003478
513,기  일레덱스홀딩스,[기재정정]사업보고서 (2011.12),일레덱스홀딩스,2012.04.17,정연,00268011,20120330003478
514,기  이랜드월드,[기재정정]사업보고서 (2011.12),이랜드월드,2012.04.17,연,00207108,20120330003478
515,코  에스피지  IR,[기재정정]사업보고서 (2011.12),에스피지,2012.04.17,연,00220686,20120330003478
516,유  한국전력공사,[기재정정]사업보고서 (2011.12),한국전력공사,2012.04.16,연,00159193,20120330003478
517,유  KPX홀딩스,[기재정정]사업보고서 (2011.12),KPX홀딩스,2012.04.16,연,00587466,20120330003478
518,기  유미홀딩스,사업보고서 (2011.12),유미홀딩스,2012.04.16,,00384823,20120330003478
519,코  우림피티에스,[기재정정]사업보고서 (2011.12),우림피티에스,2012.04.16,정연,00567222,20120330003478
520,유  남광토건,[첨부정정]사업보고서 (2009.12),남광토건,2012.04.13,연,00107066,20120330003478
521,기  지오엠씨,사업보고서 (2011.12),지오엠씨,2012.04.13,,00232317,20120330003478
522,기  유일엔시스,[기재정정]사업보고서 (2011.12),유일엔시스,2012.04.13,연,00264802,20120330003478
523,기  사이프러스인베스트먼트,사업보고서 (2011.12),사이프러스인베스트먼트,2012.04.13,연,00852582,20120330003478
524,코  쎄니트,[기재정정]사업보고서 (2011.12),쎄니트,2012.04.13,연,00239596,20120330003478
525,기  마이크로사이언스테크  IR,사업보고서 (2011.12),마이크로사이언스테크,2012.04.13,,00262761,20120330003478
526,기  금강제강,[기재정정]사업보고서 (2011.12),금강제강,2012.04.13,연,00579379,20120330003478
527,기  하이디스테크놀로지,[기재정정]사업보고서 (2011.12),하이디스테크놀로지,2012.04.12,연,00481409,20120330003478
528,기  심팩인더스트리,사업보고서 (2011.12),심팩인더스트리,2012.04.12,,00123648,20120330003478
529,유  롯데에너지머티리얼즈,[기재정정]사업보고서 (2011.12),롯데에너지머티리얼즈,2012.04.12,연,00113997,20120330003478
530,기  한국중부발전,[기재정정]사업보고서 (2011.12),한국중부발전,2012.04.10,연,00396518,20120330003478
531,기  세왕,[기재정정]사업보고서 (2011.12),세왕,2012.04.10,연,00609254,20120330003478
532,유  한화엔진,[기재정정]사업보고서 (2011.12),한화엔진,2012.04.10,연,00361008,20120330003478
533,기  쌍용씨앤이,[기재정정]사업보고서 (2011.12),쌍용씨앤이,2012.04.10,정연,00138224,20120330003478
534,기  경윤하이드로에너지,사업보고서 (2011.12),경윤하이드로에너지,2012.04.10,,00173324,20120330003478
535,유  범양건영,사업보고서 (2011.12),범양건영,2012.04.10,연,00122694,20120330003478
536,기  평안물산,사업보고서 (2011.12),평안물산,2012.04.10,,00260693,20120330003478
537,기  폴리플러스,사업보고서 (2011.12),폴리플러스,2012.04.10,연,00245296,20120330003478
538,기  코크렙제14호위탁관리부동산투자회사,[기재정정]사업보고서 (2011.11),코크렙제14호위탁관리부동산투자회사,2012.04.09,,00659879,20120330003478
539,기  유아이에너지,사업보고서 (2011.12),유아이에너지,2012.04.09,정,00262123,20120330003478
540,기  대우송도개발,[기재정정]사업보고서 (2011.12),대우송도개발,2012.04.09,연,00161028,20120330003478
541,유  한전산업,[기재정정]사업보고서 (2011.12),한전산업,2012.04.09,연,00194947,20120330003478
542,코  대성미생물,[기재정정]사업보고서 (2011.12),대성미생물,2012.04.09,,00177320,20120330003478
543,기  블루젬디앤씨,사업보고서 (2011.12),블루젬디앤씨,2012.04.09,연,00349468,20120330003478
544,기  보광티에스,사업보고서 (2011.12),보광티에스,2012.04.09,,00251385,20120330003478
545,기  미주제강,사업보고서 (2011.12),미주제강,2012.04.09,연,00115472,20120330003478
546,코  코리아나  IR,[기재정정]사업보고서 (2010.12),코리아나,2012.04.09,,00152589,20120330003478
547,유  모나미,[기재정정]사업보고서 (2011.12),모나미,2012.04.09,정연,00121288,20120330003478
548,유  한솔케미칼,[첨부정정]사업보고서 (2011.12),한솔케미칼,2012.04.06,연,00140955,20120330003478
549,기  유니드코리아,[첨부정정]사업보고서 (2011.12),유니드코리아,2012.04.06,정연,00653990,20120330003478
550,코  새로닉스,[첨부정정]사업보고서 (2011.12),새로닉스,2012.04.06,연,00147994,20120330003478
551,유  대호에이엘,[기재정정]사업보고서 (2011.12),대호에이엘,2012.04.06,연,00428729,20120330003478
552,기  호반산업,[기재정정]사업보고서 (2011.12),호반산업,2012.04.06,연,00144766,20120330003478
553,유  삼성중공업,[기재정정]사업보고서 (2011.12),삼성중공업,2012.04.05,연,00126478,20120330003478
554,코  에이루트,[첨부정정]사업보고서 (2011.12),에이루트,2012.04.05,,00608839,20120330003478
555,기  무한투자,[기재정정]사업보고서 (2011.12),무한투자,2012.04.04,,00240398,20120330003478
556,코  푸른소나무,[기재정정]사업보고서 (2011.12),푸른소나무,2012.04.04,연,00410739,20120330003478
557,기  성원,사업보고서 (2011.12),성원,2012.04.04,연,00133089,20120330003478
558,코  대정화금,[첨부정정]사업보고서 (2011.12),대정화금,2012.04.04,,00250997,20120330003478
559,기  한화건설,[기재정정]사업보고서 (2011.12),한화건설,2012.04.04,연,00424529,20120330003478
560,코  아이톡시,[기재정정]사업보고서 (2011.12),아이톡시,2012.04.03,,00346911,20120330003478
561,코  엠게임,[기재정정]사업보고서 (2011.12),엠게임,2012.04.03,연,00397058,20120330003478
562,기  코캄,[기재정정]사업보고서 (2011.12),코캄,2012.04.03,,00299677,20120330003478
563,코  유진기업,[기재정정]사업보고서 (2011.12),유진기업,2012.04.03,연,00184667,20120330003478
564,코  웰크론한텍  IR,[기재정정]사업보고서 (2011.12),웰크론한텍,2012.04.03,연,00487546,20120330003478
565,기  앤알커뮤니케이션,[기재정정]사업보고서 (2011.12),앤알커뮤니케이션,2012.04.03,,00475736,20120330003478
566,유  서흥,[첨부정정]사업보고서 (2011.12),서흥,2012.04.03,연,00131692,20120330003478
567,코  대호특수강,[첨부정정]사업보고서 (2011.12),대호특수강,2012.04.03,,00166175,20120330003478
568,기  디지털타임스,사업보고서 (2011.12),디지털타임스,2012.04.03,,00335553,20120330003478
569,기  삼중테크,사업보고서 (2011.12),삼중테크,2012.04.03,,00340795,20120330003478
570,기  토자이홀딩스,사업보고서 (2011.12),토자이홀딩스,2012.04.03,,00265263,20120330003478
571,기  엔터미디어,[기재정정]사업보고서 (2011.12),엔터미디어,2012.04.02,연,00407975,20120330003478
572,유  KB금융,[기재정정]사업보고서 (2011.12),KB금융,2012.04.02,정연,00688996,20120330003478
573,유  신세계건설,[첨부정정]사업보고서 (2011.12),신세계건설,2012.04.02,,00217947,20120330003478
574,기  뉴아세아,[기재정정]사업보고서 (2011.12),뉴아세아,2012.04.02,,00138695,20120330003478
575,유  SK하이닉스,[기재정정]사업보고서 (2011.12),SK하이닉스,2012.04.02,연,00164779,20120330003478
576,코  디엔에이링크,[기재정정]사업보고서 (2011.12),디엔에이링크,2012.04.02,,00642541,20120330003478
577,코  우리넷,[기재정정]사업보고서 (2011.12),우리넷,2012.04.02,,00664048,20120330003478
578,기  아이스테이션,[기재정정]사업보고서 (2011.12),아이스테이션,2012.04.02,,00386557,20120330003478
579,유  동아쏘시오홀딩스,[기재정정]사업보고서 (2011.12),동아쏘시오홀딩스,2012.04.02,연,00116824,20120330003478
580,기  네오슈테른테크놀로지,사업보고서 (2011.12),네오슈테른테크놀로지,2012.04.02,,00359766,20120330003478
581,코  슈프리마에이치큐,[기재정정]사업보고서 (2011.12),슈프리마에이치큐,2012.04.02,연,00599957,20120330003478
582,기  씨티엘테크,사업보고서 (2011.12),씨티엘테크,2012.04.02,,00355821,20120330003478
583,기  사이버씨브이에스,사업보고서 (2011.12),사이버씨브이에스,2012.04.02,,00403465,20120330003478
584,기  그린기술투자,사업보고서 (2011.12),그린기술투자,2012.04.02,,00116073,20120330003478
585,기  테크밸리,사업보고서 (2011.12),테크밸리,2012.04.02,,00263423,20120330003478
586,기  에이디모터스,[기재정정]사업보고서 (2011.12),에이디모터스,2012.04.02,,00266989,20120330003478
587,기  평산,[기재정정]사업보고서 (2011.12),평산,2012.04.02,연,00220181,20120330003478
588,유  롯데지주  IR,[기재정정]사업보고서 (2011.12),롯데지주,2012.04.02,연,00120562,20120330003478
589,기  케이비캐피탈,[기재정정]사업보고서 (2011.12),케이비캐피탈,2012.04.02,,00161408,20120330003478
590,기  패션플러스,사업보고서 (2011.12),패션플러스,2012.04.02,,00268701,20120330003478
591,유  HD현대인프라코어,[기재정정]사업보고서 (2011.12),HD현대인프라코어,2012.04.02,연,00344287,20120330003478
592,유  롯데렌탈,[기재정정]사업보고서 (2011.12),롯데렌탈,2012.04.02,연,00545716,20120330003478
593,코  씨큐브,[기재정정]사업보고서 (2011.12),씨큐브,2012.04.02,,00520610,20120330003478
594,코  웹케시,사업보고서 (2011.12),웹케시,2012.04.02,,00323868,20120330003478
595,기  코리아닷컴커뮤니케이션즈,사업보고서 (2011.12),코리아닷컴커뮤니케이션즈,2012.04.02,,00378442,20120330003478
596,기  태창파로스,사업보고서 (2011.12),태창파로스,2012.03.30,,00246347,20120330003478
597,기  뉴아세아,사업보고서 (2011.12),뉴아세아,2012.03.30,정,00138695,20120330003478
598,유  인팩,사업보고서 (2011.12),인팩,2012.03.30,정연,00180795,20120330003478
599,기  씨디네트웍스,사업보고서 (2011.12),씨디네트웍스,2012.03.30,연,00493501,20120330003478
600,코  디엔에이링크,사업보고서 (2011.12),디엔에이링크,2012.03.30,정,00642541,20120330003478
601,기  화성도시공사,사업보고서 (2011.12),화성도시공사,2012.03.30,정,00858355,20120330003251
602,코  삼목에스폼,[첨부정정]사업보고서 (2011.12),삼목에스폼,2012.03.30,,00125646,20120330003251
603,기  대우송도개발,사업보고서 (2011.12),대우송도개발,2012.03.30,정연,00161028,20120330003251
604,기  우리은행,[기재정정]사업보고서 (2011.12),우리은행,2012.03.30,정연,00254045,20120330003251
605,기  미리넷,사업보고서 (2011.12),미리넷,2012.03.30,연,00361035,20120330003251
606,코  엑시온그룹,사업보고서 (2011.12),엑시온그룹,2012.03.30,연,00426068,20120330003251
607,코  아이톡시,사업보고서 (2011.12),아이톡시,2012.03.30,정,00346911,20120330003251
608,기  아주엠씨엠,사업보고서 (2011.12),아주엠씨엠,2012.03.30,,00312084,20120330003251
609,코  신진에스엠,사업보고서 (2011.12),신진에스엠,2012.03.30,연,00577380,20120330003251
610,유  휴비스,사업보고서 (2011.12),휴비스,2012.03.30,연,00362238,20120330003251
611,코  유성티엔에스,사업보고서 (2011.12),유성티엔에스,2012.03.30,연,00173999,20120330003251
612,기  인스프리트,사업보고서 (2011.12),인스프리트,2012.03.30,연,00441872,20120330003251
613,유  남성,사업보고서 (2011.12),남성,2012.03.30,연,00172185,20120330003251
614,기  셀트리온스킨큐어,사업보고서 (2011.12),셀트리온스킨큐어,2012.03.30,,00394583,20120330003251
615,기  넷피아,사업보고서 (2011.12),넷피아,2012.03.30,,00262336,20120330003251
616,코  피제이메탈,사업보고서 (2011.12),피제이메탈,2012.03.30,,00829380,20120330003251
617,기  포스텍,사업보고서 (2011.12),포스텍,2012.03.30,연,00299932,20120330003251
618,기  엑큐리스,사업보고서 (2011.12),엑큐리스,2012.03.30,연,00275260,20120330003251
619,기  어울림정보기술,사업보고서 (2011.12),어울림정보기술,2012.03.30,,00261124,20120330003251
620,코  CJ프레시웨이,사업보고서 (2011.12),CJ프레시웨이,2012.03.30,연,00127954,20120330003251
621,기  지디코프,사업보고서 (2011.12),지디코프,2012.03.30,,00254009,20120330003251
622,기  건영,사업보고서 (2011.12),건영,2012.03.30,,00100957,20120330003251
623,기  하우리,사업보고서 (2011.12),하우리,2012.03.30,,00352000,20120330003251
624,기  아이스테이션,사업보고서 (2011.12),아이스테이션,2012.03.30,정,00386557,20120330003251
625,유  롯데렌탈,[기재정정]사업보고서 (2011.12),롯데렌탈,2012.03.30,정연,00545716,20120330003251
626,기  비케이탑스,[기재정정]사업보고서 (2011.12),비케이탑스,2012.03.30,,00273615,20120330003251
627,기  인천유나이티드  IR,사업보고서 (2011.12),인천유나이티드,2012.03.30,,00463582,20120330003251
628,기  어울림네트웍스,사업보고서 (2011.12),어울림네트웍스,2012.03.30,,00264741,20120330003251
629,기  비엔씨컴퍼니,사업보고서 (2011.12),비엔씨컴퍼니,2012.03.30,,00372989,20120330003251
630,기  영찬테크,사업보고서 (2011.12),영찬테크,2012.03.30,,00480905,20120330003251
631,유  제주은행,사업보고서 (2011.12),제주은행,2012.03.30,연,00148832,20120330003251
632,기  한국남부발전,사업보고서 (2011.12),한국남부발전,2012.03.30,연,00382834,20120330003251
633,코  나이스디앤비,[첨부정정]사업보고서 (2011.12),나이스디앤비,2012.03.30,,00606293,20120330003251
634,코  오로라,사업보고서 (2011.12),오로라,2012.03.30,연,00141556,20120330003251
635,코  CG인바이츠,사업보고서 (2011.12),CG인바이츠,2012.03.30,연,00407814,20120330003251
636,유  키다리스튜디오,사업보고서 (2011.12),키다리스튜디오,2012.03.30,,00140131,20120330003251
637,기  생고뱅코리아홀딩스,사업보고서 (2011.12),생고뱅코리아홀딩스,2012.03.30,연,00159005,20120330003251
638,유  이월드,사업보고서 (2011.12),이월드,2012.03.30,연,00540605,20120330003251
639,기  다산,사업보고서 (2011.12),다산,2012.03.30,,00108533,20120330003251
640,코  오상자이엘,사업보고서 (2011.12),오상자이엘,2012.03.30,연,00226547,20120330003251
641,유  한일철강,사업보고서 (2011.12),한일철강,2012.03.30,정연,00163196,20120330003251
642,기  에스에이치엔엘,사업보고서 (2011.12),에스에이치엔엘,2012.03.30,연,00245898,20120330003251
643,기  성원아이북랜드,사업보고서 (2011.12),성원아이북랜드,2012.03.30,,00398950,20120330003251
644,코  바른손이앤에이,사업보고서 (2011.12),바른손이앤에이,2012.03.30,정연,00259590,20120330003251
645,코  원익,[기재정정]사업보고서 (2011.12),원익,2012.03.30,연,00210980,20120330003251
646,코  케이아이엔엑스,사업보고서 (2011.12),케이아이엔엑스,2012.03.30,정연,00603348,20120330003251
647,기  어울림엘시스,사업보고서 (2011.12),어울림엘시스,2012.03.30,,00206127,20120330003251
648,유  롯데지주  IR,사업보고서 (2011.12),롯데지주,2012.03.30,정연,00120562,20120330003251
649,유  사조산업,사업보고서 (2011.12),사조산업,2012.03.30,연,00124799,20120330003251
650,유  비비안,[기재정정]사업보고서 (2011.12),비비안,2012.03.30,연,00107677,20120330003251
651,코  이노와이어리스,사업보고서 (2011.12),이노와이어리스,2012.03.30,연,00462121,20120330003251
652,기  팜한농,사업보고서 (2011.12),팜한농,2012.03.30,연,00826435,20120330003251
653,코  HLB테라퓨틱스,사업보고서 (2011.12),HLB테라퓨틱스,2012.03.30,정연,00552859,20120330003251
654,코  에스티아이,사업보고서 (2011.12),에스티아이,2012.03.30,정연,00298340,20120330003251
655,코  무림SP,사업보고서 (2011.12),무림SP,2012.03.30,,00121507,20120330003251
656,기  벽산건설,사업보고서 (2011.12),벽산건설,2012.03.30,정연,00122922,20120330003251
657,기  국제개발,사업보고서 (2011.12),국제개발,2012.03.30,,00508566,20120330003251
658,기  삼성물산,사업보고서 (2011.12),삼성물산,2012.03.30,연,00126229,20120330003251
659,기  알바이오,사업보고서 (2011.12),알바이오,2012.03.30,정연,00112004,20120330003251
660,유  서연,사업보고서 (2011.12),서연,2012.03.30,연,00163114,20120330003251
661,코  홈센타홀딩스,사업보고서 (2011.12),홈센타홀딩스,2012.03.30,정연,00288495,20120330003251
662,기  케이비캐피탈,사업보고서 (2011.12),케이비캐피탈,2012.03.30,정,00161408,20120330003251
663,유  웅진씽크빅  IR,사업보고서 (2011.12),웅진씽크빅,2012.03.30,연,00628189,20120330003251
664,유  HD한국조선해양,사업보고서 (2011.12),HD한국조선해양,2012.03.30,연,00164830,20120330003251
665,유  무림페이퍼,사업보고서 (2011.12),무림페이퍼,2012.03.30,연,00136086,20120330003251
666,코  쎌바이오텍,[기재정정]사업보고서 (2011.12),쎌바이오텍,2012.03.30,연,00357430,20120330003251
667,기  에스케이이엔에스  IR,사업보고서 (2011.12),에스케이이엔에스,2012.03.30,연,00267058,20120330003251
668,기  전북개발공사,사업보고서 (2011.12),전북개발공사,2012.03.30,,00858577,20120330003251
669,유  세아홀딩스,사업보고서 (2011.12),세아홀딩스,2012.03.30,연,00377610,20120330003251
670,코  코데즈컴바인  IR,사업보고서 (2011.12),코데즈컴바인,2012.03.30,정연,00329093,20120330003251
671,코  솔본,사업보고서 (2011.12),솔본,2012.03.30,연,00249982,20120330003251
672,유  아모레퍼시픽그룹,사업보고서 (2011.12),아모레퍼시픽그룹,2012.03.30,연,00154462,20120330003251
673,유  카카오  IR,사업보고서 (2011.12),카카오,2012.03.30,연,00258801,20120330003251
674,유  동아쏘시오홀딩스,사업보고서 (2011.12),동아쏘시오홀딩스,2012.03.30,정연,00116824,20120330003251
675,유  빙그레,사업보고서 (2011.12),빙그레,2012.03.30,연,00124726,20120330003251
676,유  무림P&P,사업보고서 (2011.12),무림P&P,2012.03.30,연,00119007,20120330003251
677,유  화신,사업보고서 (2011.12),화신,2012.03.30,정연,00166315,20120330003251
678,유  일정실업,[기재정정]사업보고서 (2011.12),일정실업,2012.03.30,정연,00146542,20120330003251
679,유  유니켐,사업보고서 (2011.12),유니켐,2012.03.30,,00137207,20120330003251
680,코  피노,사업보고서 (2011.12),피노,2012.03.30,,00276083,20120330003251
681,유  포스코인터내셔널,사업보고서 (2011.12),포스코인터내셔널,2012.03.30,연,00124504,20120330003251
682,코  오상헬스케어,사업보고서 (2011.12),오상헬스케어,2012.03.30,정,00260657,20120330003251
683,기  유일엔시스,사업보고서 (2011.12),유일엔시스,2012.03.30,정연,00264802,20120330003251
684,기  에스티씨라이프,사업보고서 (2011.12),에스티씨라이프,2012.03.30,,00133317,20120330003251
685,기  이지시스템,사업보고서 (2011.12),이지시스템,2012.03.30,,00312048,20120330003251
686,기  에스피컴텍,사업보고서 (2011.12),에스피컴텍,2012.03.30,,00268181,20120330003251
687,유  무학,사업보고서 (2011.12),무학,2012.03.30,정연,00121543,20120330003251
688,코  이지홀딩스,사업보고서 (2011.12),이지홀딩스,2012.03.30,연,00242378,20120330003251
689,코  바이오톡스텍,사업보고서 (2011.12),바이오톡스텍,2012.03.30,연,00447502,20120330003251
690,유  세방,사업보고서 (2011.12),세방,2012.03.30,연,00133812,20120330003251
691,유  한일홀딩스,사업보고서 (2011.12),한일홀딩스,2012.03.30,연,00162993,20120330003251
692,코  DH오토웨어,사업보고서 (2011.12),DH오토웨어,2012.03.30,연,00110583,20120330003251
693,기  씨제이지엘에스,사업보고서 (2011.12),씨제이지엘에스,2012.03.30,연,00206747,20120330003251
694,코  대양전기공업,사업보고서 (2011.12),대양전기공업,2012.03.30,정,00111193,20120330003251
695,기  현대엠코,사업보고서 (2011.12),현대엠코,2012.03.30,연,00445513,20120330003251
696,유  대덕,사업보고서 (2011.12),대덕,2012.03.30,연,00109189,20120330003251
697,유  한솔케미칼,사업보고서 (2011.12),한솔케미칼,2012.03.30,정연,00140955,20120330003251
698,유  LG  IR,사업보고서 (2011.12),LG,2012.03.30,연,00120021,20120330003251
699,유  두산,사업보고서 (2011.12),두산,2012.03.30,연,00117212,20120330003251
700,유  삼성E&A,사업보고서 (2011.12),삼성E&A,2012.03.30,연,00126308,20120330003251
701,유  아모레퍼시픽,사업보고서 (2011.12),아모레퍼시픽,2012.03.30,연,00583424,20120330003016
702,유  삼성SDI,사업보고서 (2011.12),삼성SDI,2012.03.30,연,00126362,20120330003016
703,유  노루홀딩스,사업보고서 (2011.12),노루홀딩스,2012.03.30,정연,00113508,20120330003016
704,코  메디포스트,사업보고서 (2011.12),메디포스트,2012.03.30,연,00453929,20120330003016
705,기  대덕GDS,사업보고서 (2011.12),대덕GDS,2012.03.30,연,00109170,20120330003016
706,코  시큐브,사업보고서 (2011.12),시큐브,2012.03.30,정,00402110,20120330003016
707,유  팜젠사이언스,사업보고서 (2011.12),팜젠사이언스,2012.03.30,정연,00135050,20120330003016
708,유  CJ CGV,사업보고서 (2011.12),CJ CGV,2012.03.30,정연,00303873,20120330003016
709,유  롯데하이마트,사업보고서 (2011.12),롯데하이마트,2012.03.30,연,00158307,20120330003016
710,유  지역난방공사,사업보고서 (2011.12),지역난방공사,2012.03.30,연,00159698,20120330003016
711,유  아세아,사업보고서 (2011.12),아세아,2012.03.30,연,00138701,20120330003016
712,유  현대엘리베이터,사업보고서 (2011.12),현대엘리베이터,2012.03.30,연,00164724,20120330003016
713,코  대한광통신,사업보고서 (2011.12),대한광통신,2012.03.30,,00113261,20120330003016
714,코  우리엔터프라이즈,사업보고서 (2011.12),우리엔터프라이즈,2012.03.30,연,00155692,20120330003016
715,코  유아이엘,사업보고서 (2011.12),유아이엘,2012.03.30,연,00256380,20120330003016
716,기  비씨카드,사업보고서 (2011.12),비씨카드,2012.03.30,연,00124656,20120330003016
717,유  풍산홀딩스,사업보고서 (2011.12),풍산홀딩스,2012.03.30,연,00155531,20120330003016
718,코  에스엠코어,사업보고서 (2011.12),에스엠코어,2012.03.30,연,00137915,20120330003016
719,유  에스원,사업보고서 (2011.12),에스원,2012.03.30,연,00158501,20120330003016
720,유  평화홀딩스,사업보고서 (2011.12),평화홀딩스,2012.03.30,정연,00155124,20120330003016
721,코  서희건설,사업보고서 (2011.12),서희건설,2012.03.30,정연,00219848,20120330003016
722,코  상지건설  IR,사업보고서 (2011.12),상지건설,2012.03.30,,00232007,20120330003016
723,유  동아지질,사업보고서 (2011.12),동아지질,2012.03.30,연,00178754,20120330003016
724,유  SK디스커버리,사업보고서 (2011.12),SK디스커버리,2012.03.30,연,00131832,20120330003016
725,코  삼목에스폼,사업보고서 (2011.12),삼목에스폼,2012.03.30,정,00125646,20120330003016
726,기  금빛,사업보고서 (2011.12),금빛,2012.03.30,연,00455112,20120330003016
727,기  아리온테크놀로지,사업보고서 (2011.12),아리온테크놀로지,2012.03.30,,00441128,20120330003016
728,기  농업회사법인화순농특산물유통,사업보고서 (2011.12),농업회사법인화순농특산물유통,2012.03.30,,00700085,20120330003016
729,유  SK네트웍스,사업보고서 (2011.12),SK네트웍스,2012.03.30,연,00131780,20120330003016
730,기  에스컴,사업보고서 (2011.12),에스컴,2012.03.30,,00125929,20120330003016
731,코  손오공,사업보고서 (2011.12),손오공,2012.03.30,연,00306870,20120330003016
732,기  무한투자,사업보고서 (2011.12),무한투자,2012.03.30,정,00240398,20120330003016
733,기  디비메탈,사업보고서 (2011.12),디비메탈,2012.03.30,,00652016,20120330003016
734,유  HD현대인프라코어,사업보고서 (2011.12),HD현대인프라코어,2012.03.30,정연,00344287,20120330003016
735,기  신텍,사업보고서 (2011.12),신텍,2012.03.30,연,00599887,20120330003016
736,코  마크로젠,사업보고서 (2011.12),마크로젠,2012.03.30,연,00261373,20120330003016
737,기  티브로드,사업보고서 (2011.12),티브로드,2012.03.30,연,00413453,20120330003016
738,유  하이트진로,사업보고서 (2011.12),하이트진로,2012.03.30,연,00150244,20120330003016
739,코  참좋은여행,사업보고서 (2011.12),참좋은여행,2012.03.30,,00606770,20120330003016
740,기  한국서부발전,사업보고서 (2011.12),한국서부발전,2012.03.30,연,00383019,20120330003016
741,코  크레오에스지,사업보고서 (2011.12),크레오에스지,2012.03.30,연,00346407,20120330003016
742,코  제룡전기,사업보고서 (2011.12),제룡전기,2012.03.30,,00185356,20120330003016
743,기  삼우이엠씨,사업보고서 (2011.12),삼우이엠씨,2012.03.30,연,00127370,20120330003016
744,유  E1,사업보고서 (2011.12),E1,2012.03.30,정연,00165583,20120330003016
745,코  브이티,사업보고서 (2011.12),브이티,2012.03.30,,00150165,20120330003016
746,유  동서,사업보고서 (2011.12),동서,2012.03.30,연,00144395,20120330003016
747,코  파루,사업보고서 (2011.12),파루,2012.03.30,연,00266934,20120330003016
748,코  테크엘,사업보고서 (2011.12),테크엘,2012.03.30,연,00370255,20120330003016
749,유  롯데케미칼  IR,사업보고서 (2011.12),롯데케미칼,2012.03.30,연,00165413,20120330003016
750,유  사조오양,사업보고서 (2011.12),사조오양,2012.03.30,,00141875,20120330003016
751,유  혜인,사업보고서 (2011.12),혜인,2012.03.30,정연,00165343,20120330003016
752,기  엘지씨엔에스,사업보고서 (2011.12),엘지씨엔에스,2012.03.30,연,00139834,20120330003016
753,유  GS건설,[기재정정]사업보고서 (2011.12),GS건설,2012.03.30,연,00120030,20120330003016
754,유  남선알미늄,사업보고서 (2011.12),남선알미늄,2012.03.30,연,00107224,20120330003016
755,유  한국항공우주,사업보고서 (2011.12),한국항공우주,2012.03.30,연,00309503,20120330003016
756,유  LX인터내셔널  IR,사업보고서 (2011.12),LX인터내셔널,2012.03.30,연,00120076,20120330003016
757,기  STX중공업,사업보고서 (2011.12),STX중공업,2012.03.30,연,00520407,20120330003016
758,코  나이스디앤비,사업보고서 (2011.12),나이스디앤비,2012.03.30,정,00606293,20120330003016
759,유  태광산업,사업보고서 (2011.12),태광산업,2012.03.30,연,00153393,20120330003016
760,유  카프로,사업보고서 (2011.12),카프로,2012.03.30,,00159810,20120330003016
761,코  성우하이텍,사업보고서 (2011.12),성우하이텍,2012.03.30,연,00132992,20120330003016
762,유  마니커,사업보고서 (2011.12),마니커,2012.03.30,연,00204208,20120330003016
763,유  GS,사업보고서 (2011.12),GS,2012.03.30,연,00500254,20120330003016
764,기  코원에너지서비스,[기재정정]사업보고서 (2011.12),코원에너지서비스,2012.03.30,,00112907,20120330003016
765,코  일진파워,사업보고서 (2011.12),일진파워,2012.03.30,,00485177,20120330003016
766,유  동양,사업보고서 (2011.12),동양,2012.03.30,정연,00117337,20120330003016
767,코  원익머트리얼즈  IR,사업보고서 (2011.12),원익머트리얼즈,2012.03.30,,00623661,20120330003016
768,코  비엘팜텍,사업보고서 (2011.12),비엘팜텍,2012.03.30,연,00384717,20120330003016
769,유  롯데관광개발,사업보고서 (2011.12),롯데관광개발,2012.03.30,연,00231372,20120330003016
770,기  일레덱스홀딩스,사업보고서 (2011.12),일레덱스홀딩스,2012.03.30,정연,00268011,20120330003016
771,유  풍산,사업보고서 (2011.12),풍산,2012.03.30,연,00684714,20120330003016
772,코  삼표시멘트,사업보고서 (2011.12),삼표시멘트,2012.03.30,연,00239639,20120330003016
773,유  하이트진로홀딩스,사업보고서 (2011.12),하이트진로홀딩스,2012.03.30,연,00148993,20120330003016
774,기  자일자동차,사업보고서 (2011.12),자일자동차,2012.03.30,연,00907323,20120330003016
775,유  CJ제일제당,사업보고서 (2011.12),CJ제일제당,2012.03.30,연,00635134,20120330003016
776,유  기아,사업보고서 (2011.12),기아,2012.03.30,연,00106641,20120330003016
777,유  대한화섬,사업보고서 (2011.12),대한화섬,2012.03.30,,00113544,20120330003016
778,코  컴투스홀딩스,사업보고서 (2011.12),컴투스홀딩스,2012.03.30,연,00535746,20120330003016
779,유  HMM,사업보고서 (2011.12),HMM,2012.03.30,연,00164645,20120330003016
780,코  KB오토시스,사업보고서 (2011.12),KB오토시스,2012.03.30,연,00157539,20120330003016
781,코  HLB파나진,사업보고서 (2011.12),HLB파나진,2012.03.30,연,00172079,20120330003016
782,유  유수홀딩스,사업보고서 (2011.12),유수홀딩스,2012.03.30,,00163691,20120330003016
783,기  문경관광개발,사업보고서 (2011.12),문경관광개발,2012.03.30,,00437277,20120330003016
784,유  광주신세계,사업보고서 (2011.12),광주신세계,2012.03.30,,00220561,20120330003016
785,기  씽크풀,사업보고서 (2011.12),씽크풀,2012.03.30,,00355380,20120330003016
786,유  기업은행,사업보고서 (2011.12),기업은행,2012.03.30,연,00149646,20120330003016
787,유  서원,사업보고서 (2011.12),서원,2012.03.30,연,00131197,20120330003016
788,유  제일파마홀딩스,사업보고서 (2011.12),제일파마홀딩스,2012.03.30,,00148443,20120330003016
789,기  한화글로벌에셋,사업보고서 (2011.12),한화글로벌에셋,2012.03.30,연,00262114,20120330003016
790,유  신세계인터내셔날,사업보고서 (2011.12),신세계인터내셔날,2012.03.30,,00234412,20120330003016
791,유  삼천리,사업보고서 (2011.12),삼천리,2012.03.30,연,00128555,20120330003016
792,유  태영건설,사업보고서 (2011.12),태영건설,2012.03.30,연,00153861,20120330003016
793,기  극동전선,사업보고서 (2011.12),극동전선,2012.03.30,,00105165,20120330003016
794,기  파브코,사업보고서 (2011.12),파브코,2012.03.30,연,00679730,20120330003016
795,기  하나캐피탈,사업보고서 (2011.12),하나캐피탈,2012.03.30,,00152932,20120330003016
796,기  알씨아이파이낸셜서비스코리아,사업보고서 (2011.12),알씨아이파이낸셜서비스코리아,2012.03.30,,00573551,20120330003016
797,기  하림홀딩스,사업보고서 (2011.12),하림홀딩스,2012.03.30,연,00156044,20120330003016
798,코  HLB생명과학,사업보고서 (2011.12),HLB생명과학,2012.03.30,정,00365590,20120330003016
799,유  남양유업,사업보고서 (2011.12),남양유업,2012.03.30,정연,00107598,20120330003016
800,기  이랜드월드,사업보고서 (2011.12),이랜드월드,2012.03.30,정연,00207108,20120330003016
801,유  세우글로벌,사업보고서 (2011.12),세우글로벌,2012.03.30,연,00134176,20120330002787
802,기  우리금융캐피탈,사업보고서 (2011.12),우리금융캐피탈,2012.03.30,연,00209443,20120330002787
803,코  프럼파스트,사업보고서 (2011.12),프럼파스트,2012.03.30,정연,00356389,20120330002787
804,기  아진카인텍,사업보고서 (2011.12),아진카인텍,2012.03.30,,00173069,20120330002787
805,기  유니드코리아,사업보고서 (2011.12),유니드코리아,2012.03.30,정연,00653990,20120330002787
806,코  티사이언티픽,사업보고서 (2011.12),티사이언티픽,2012.03.30,,00372688,20120330002787
807,코  액토즈소프트,사업보고서 (2011.12),액토즈소프트,2012.03.30,연,00348034,20120330002787
808,기  선진지주,사업보고서 (2011.12),선진지주,2012.03.30,정연,00132114,20120330002787
809,코  카페24,사업보고서 (2011.12),카페24,2012.03.30,,00260879,20120330002787
810,기  롯데아이티테크,사업보고서 (2011.12),롯데아이티테크,2012.03.30,연,00256344,20120330002787
811,코  삼기,[기재정정]사업보고서 (2011.12),삼기,2012.03.30,,00799177,20120330002787
812,유  한진,사업보고서 (2011.12),한진,2012.03.30,정연,00163512,20120330002787
813,기  대림,사업보고서 (2011.12),대림,2012.03.30,연,00204688,20120330002787
814,유  대한방직,사업보고서 (2011.12),대한방직,2012.03.30,연,00112970,20120330002787
815,유  SKC  IR,사업보고서 (2011.12),SKC,2012.03.30,연,00139889,20120330002787
816,유  진흥기업,사업보고서 (2011.12),진흥기업,2012.03.30,연,00150828,20120330002787
817,코  빅솔론,[기재정정]사업보고서 (2011.12),빅솔론,2012.03.30,연,00478900,20120330002787
818,유  효성,사업보고서 (2011.12),효성,2012.03.30,연,00117188,20120330002787
819,기  아구스,사업보고서 (2011.12),아구스,2012.03.30,,00537443,20120330002787
820,코  보성파워텍,사업보고서 (2011.12),보성파워텍,2012.03.30,연,00267881,20120330002787
821,유  한국전자홀딩스,사업보고서 (2011.12),한국전자홀딩스,2012.03.30,연,00159254,20120330002787
822,코  큐로홀딩스,사업보고서 (2011.12),큐로홀딩스,2012.03.30,연,00296324,20120330002787
823,기  씨앤에스자산관리,사업보고서 (2011.12),씨앤에스자산관리,2012.03.30,연,00173731,20120330002787
824,기  배명금속,사업보고서 (2011.12),배명금속,2012.03.30,연,00122436,20120330002787
825,코  팜스토리,사업보고서 (2011.12),팜스토리,2012.03.30,정연,00192499,20120330002787
826,기  삼환기업,사업보고서 (2011.12),삼환기업,2012.03.30,연,00129411,20120330002787
827,유  케이씨씨  IR,사업보고서 (2011.12),케이씨씨,2012.03.30,연,00105271,20120330002787
828,코  인크레더블버즈,사업보고서 (2011.12),인크레더블버즈,2012.03.30,연,00390408,20120330002787
829,기  한화에스브이명장제1호기업인수목적,[기재정정]사업보고서 (2011.12),한화에스브이명장제1호기업인수목적,2012.03.30,,00808226,20120330002787
830,기  한국복합물류,사업보고서 (2011.12),한국복합물류,2012.03.30,,00216337,20120330002787
831,기  롯데푸드,사업보고서 (2011.12),롯데푸드,2012.03.30,연,00120508,20120330002787
832,코  폴라리스오피스,사업보고서 (2011.12),폴라리스오피스,2012.03.30,정연,00269852,20120330002787
833,유  백산,사업보고서 (2011.12),백산,2012.03.30,정연,00122551,20120330002787
834,기  삼성메디슨,사업보고서 (2011.12),삼성메디슨,2012.03.30,연,00120988,20120330002787
835,코  테라젠이텍스,사업보고서 (2011.12),테라젠이텍스,2012.03.30,연,00249894,20120330002787
836,유  이엔플러스,사업보고서 (2011.12),이엔플러스,2012.03.30,정연,00469799,20120330002787
837,기  한일네트웍스,사업보고서 (2011.12),한일네트웍스,2012.03.30,연,00277736,20120330002787
838,유  영풍,사업보고서 (2011.12),영풍,2012.03.30,연,00141307,20120330002787
839,기  롯데물산,사업보고서 (2011.12),롯데물산,2012.03.30,,00120483,20120330002787
840,유  에넥스,사업보고서 (2011.12),에넥스,2012.03.30,연,00139764,20120330002787
841,코  와이지-원,사업보고서 (2011.12),와이지-원,2012.03.30,연,00139719,20120330002787
842,코  메가스터디,사업보고서 (2011.12),메가스터디,2012.03.30,정연,00422284,20120330002787
843,유  KG스틸,사업보고서 (2011.12),KG스틸,2012.03.30,연,00115676,20120330002787
844,유  SPC삼립,사업보고서 (2011.12),SPC삼립,2012.03.30,연,00125530,20120330002787
845,유  코오롱인더,사업보고서 (2011.12),코오롱인더,2012.03.30,연,00795135,20120330002787
846,코  동국알앤에스,사업보고서 (2011.12),동국알앤에스,2012.03.30,연,00472890,20120330002787
847,유  금호전기,사업보고서 (2011.12),금호전기,2012.03.30,연,00106395,20120330002787
848,유  일정실업,사업보고서 (2011.12),일정실업,2012.03.30,정연,00146542,20120330002787
849,유  대상,사업보고서 (2011.12),대상,2012.03.30,연,00121941,20120330002787
850,유  까뮤이앤씨,사업보고서 (2011.12),까뮤이앤씨,2012.03.30,,00129420,20120330002787
851,기  KBS미디어,사업보고서 (2011.12),KBS미디어,2012.03.30,,00202185,20120330002787
852,코  갤럭시아머니트리  IR,사업보고서 (2011.12),갤럭시아머니트리,2012.03.30,연,00587457,20120330002787
853,코  옴니시스템,사업보고서 (2011.12),옴니시스템,2012.03.30,연,00265005,20120330002787
854,유  CJ,사업보고서 (2011.12),CJ,2012.03.30,연,00148540,20120330002787
855,코  바이오스마트,사업보고서 (2011.12),바이오스마트,2012.03.30,연,00240857,20120330002787
856,기  한국제지,사업보고서 (2011.12),한국제지,2012.03.30,,00159412,20120330002787
857,기  케이알제2호개발전문위탁관리부동산투자회사,사업보고서 (2011.12),케이알제2호개발전문위탁관리부동산투자회사,2012.03.30,,00647917,20120330002787
858,유  케이비아이동국실업,사업보고서 (2011.12),케이비아이동국실업,2012.03.30,연,00114765,20120330002787
859,유  HD현대마린엔진,사업보고서 (2011.12),HD현대마린엔진,2012.03.30,연,00406046,20120330002787
860,코  SFA반도체,사업보고서 (2011.12),SFA반도체,2012.03.30,정연,00301246,20120330002787
861,유  농심,사업보고서 (2011.12),농심,2012.03.30,정연,00108241,20120330002787
862,유  삼화전자공업,사업보고서 (2011.12),삼화전자공업,2012.03.30,연,00129280,20120330002787
863,기  에스에스컴텍,사업보고서 (2011.12),에스에스컴텍,2012.03.30,연,00267960,20120330002787
864,코  케이엔더블유,사업보고서 (2011.12),케이엔더블유,2012.03.30,연,00606664,20120330002787
865,유  현대자동차,사업보고서 (2011.12),현대자동차,2012.03.30,연,00164742,20120330002787
866,기  풍림산업,사업보고서 (2011.12),풍림산업,2012.03.30,연,00155498,20120330002787
867,유  롯데렌탈,사업보고서 (2011.12),롯데렌탈,2012.03.30,정연,00545716,20120330002787
868,유  현대모비스,사업보고서 (2011.12),현대모비스,2012.03.30,연,00164788,20120330002787
869,기  롯데글로벌로지스,사업보고서 (2011.12),롯데글로벌로지스,2012.03.30,연,00207676,20120330002787
870,코  에스티오,사업보고서 (2011.12),에스티오,2012.03.30,정연,00612188,20120330002787
871,기  한프,사업보고서 (2011.12),한프,2012.03.30,연,00226228,20120330002787
872,유  KEC,사업보고서 (2011.12),KEC,2012.03.30,연,00589127,20120330002787
873,코  미래나노텍,사업보고서 (2011.12),미래나노텍,2012.03.30,정연,00526836,20120330002787
874,기  터보테크,사업보고서 (2011.12),터보테크,2012.03.30,정연,00229818,20120330002787
875,유  한전산업,사업보고서 (2011.12),한전산업,2012.03.30,정연,00194947,20120330002787
876,유  POSCO홀딩스,사업보고서 (2011.12),POSCO홀딩스,2012.03.30,연,00155319,20120330002787
877,기  휘라포토닉스,사업보고서 (2011.12),휘라포토닉스,2012.03.30,,00360744,20120330002787
878,코  제룡산업,사업보고서 (2011.12),제룡산업,2012.03.30,,00899556,20120330002787
879,코  JW신약,사업보고서 (2011.12),JW신약,2012.03.30,연,00110431,20120330002787
880,코  엠게임,사업보고서 (2011.12),엠게임,2012.03.30,정연,00397058,20120330002787
881,유  한화솔루션,사업보고서 (2011.12),한화솔루션,2012.03.30,연,00162461,20120330002787
882,코  매일홀딩스,사업보고서 (2011.12),매일홀딩스,2012.03.30,연,00120924,20120330002787
883,코  한국전자금융,사업보고서 (2011.12),한국전자금융,2012.03.30,정연,00363769,20120330002787
884,유  고려아연,사업보고서 (2011.12),고려아연,2012.03.30,정연,00102858,20120330002787
885,코  헬릭스미스,사업보고서 (2011.12),헬릭스미스,2012.03.30,연,00359395,20120330002787
886,유  대우건설,사업보고서 (2011.12),대우건설,2012.03.30,연,00124540,20120330002787
887,유  삼양식품,사업보고서 (2011.12),삼양식품,2012.03.30,연,00126955,20120330002787
888,코  디케이락,사업보고서 (2011.12),디케이락,2012.03.30,,00533003,20120330002787
889,코  광림,사업보고서 (2011.12),광림,2012.03.30,,00103635,20120330002787
890,유  한화엔진,사업보고서 (2011.12),한화엔진,2012.03.30,정연,00361008,20120330002787
891,기  에스에스씨피,사업보고서 (2011.12),에스에스씨피,2012.03.30,연,00126593,20120330002787
892,유  이연제약,사업보고서 (2011.12),이연제약,2012.03.30,,00145598,20120330002787
893,유  삼호개발,사업보고서 (2011.12),삼호개발,2012.03.30,연,00128980,20120330002787
894,코  파인테크닉스,[첨부정정]사업보고서 (2011.12),파인테크닉스,2012.03.30,정연,00755739,20120330002787
895,기  두산건설  IR,사업보고서 (2011.12),두산건설,2012.03.30,연,00102760,20120330002787
896,기  비케이탑스,사업보고서 (2011.12),비케이탑스,2012.03.30,정,00273615,20120330002787
897,유  티웨이홀딩스,사업보고서 (2011.12),티웨이홀딩스,2012.03.30,,00109514,20120330002787
898,기  에프지엔개발전문자기관리부동산투자회사,사업보고서 (2011.12),에프지엔개발전문자기관리부동산투자회사,2012.03.30,,00693800,20120330002787
899,유  대한전선,사업보고서 (2011.12),대한전선,2012.03.30,연,00113207,20120330002787
900,코  TKG애강,사업보고서 (2011.12),TKG애강,2012.03.30,정연,00140061,20120330002787
901,유  페이퍼코리아,사업보고서 (2011.12),페이퍼코리아,2012.03.30,연,00134723,20120330002581
902,기  지아이바이오,사업보고서 (2011.12),지아이바이오,2012.03.30,연,00259439,20120330002581
903,코  에스에이티,사업보고서 (2011.12),에스에이티,2012.03.30,연,00379229,20120330002581
904,유  SK가스,사업보고서 (2011.12),SK가스,2012.03.30,연,00144164,20120330002581
905,기  아주,사업보고서 (2011.12),아주,2012.03.30,연,00139029,20120330002581
906,코  진양제약,사업보고서 (2011.12),진양제약,2012.03.30,,00150536,20120330002581
907,기  코리아퍼시픽06호선박투자회사,사업보고서 (2011.12),코리아퍼시픽06호선박투자회사,2012.03.30,연,00592592,20120330002581
908,유  대한유화,[기재정정]사업보고서 (2011.12),대한유화,2012.03.30,연,00260383,20120330002581
909,유  해태제과식품,사업보고서 (2011.12),해태제과식품,2012.03.30,정연,00428321,20120330002581
910,유  녹십자,사업보고서 (2011.12),녹십자,2012.03.30,연,00129679,20120330002581
911,유  이수페타시스,사업보고서 (2011.12),이수페타시스,2012.03.30,정연,00107613,20120330002581
912,유  성신양회,사업보고서 (2011.12),성신양회,2012.03.30,연,00132804,20120330002581
913,기  티브로드한빛방송,사업보고서 (2011.12),티브로드한빛방송,2012.03.30,연,00270432,20120330002581
914,코  더라미,사업보고서 (2011.12),더라미,2012.03.30,정,00205687,20120330002581
915,코  CNH,[기재정정]사업보고서 (2011.12),CNH,2012.03.30,정연,00149266,20120330002581
916,코  그린생명과학,사업보고서 (2011.12),그린생명과학,2012.03.30,,00532059,20120330002581
917,코  파인테크닉스,사업보고서 (2011.12),파인테크닉스,2012.03.30,정연,00755739,20120330002581
918,유  BNK금융지주,사업보고서 (2011.12),BNK금융지주,2012.03.30,연,00858364,20120330002581
919,유  BYC,사업보고서 (2011.12),BYC,2012.03.30,연,00122579,20120330002581
920,기  씨제이이앤엠,사업보고서 (2011.12),씨제이이앤엠,2012.03.30,연,00838421,20120330002581
921,기  카리스소프트,사업보고서 (2011.12),카리스소프트,2012.03.30,,00137836,20120330002581
922,코  지엔코,사업보고서 (2011.12),지엔코,2012.03.30,정연,00258102,20120330002581
923,유  갤럭시아에스엠,사업보고서 (2011.12),갤럭시아에스엠,2012.03.30,연,00129554,20120330002581
924,코  인피니트헬스케어,사업보고서 (2011.12),인피니트헬스케어,2012.03.30,정연,00435969,20120330002581
925,코  코나아이,사업보고서 (2011.12),코나아이,2012.03.30,연,00349732,20120330002581
926,유  현대지에프홀딩스,사업보고서 (2011.12),현대지에프홀딩스,2012.03.30,연,00105280,20120330002581
927,유  동양철관,사업보고서 (2011.12),동양철관,2012.03.30,연,00117629,20120330002581
928,유  한화에어로스페이스,사업보고서 (2011.12),한화에어로스페이스,2012.03.30,연,00126566,20120330002581
929,기  파인넥스,사업보고서 (2011.12),파인넥스,2012.03.30,연,00671437,20120330002581
930,기  극동건설  IR,사업보고서 (2011.12),극동건설,2012.03.30,연,00105086,20120330002581
931,유  수산중공업,사업보고서 (2011.12),수산중공업,2012.03.30,연,00135111,20120330002581
932,기  자유투어,사업보고서 (2011.12),자유투어,2012.03.30,정연,00343127,20120330002581
933,유  한국가스공사,사업보고서 (2011.12),한국가스공사,2012.03.30,정연,00261285,20120330002581
934,기  휴먼텍코리아,사업보고서 (2011.12),휴먼텍코리아,2012.03.30,연,00371519,20120330002581
935,코  CJ ENM,사업보고서 (2011.12),CJ ENM,2012.03.30,연,00265324,20120330002581
936,유  코오롱,사업보고서 (2011.12),코오롱,2012.03.30,정연,00152862,20120330002581
937,유  대원화성,사업보고서 (2011.12),대원화성,2012.03.30,정연,00112022,20120330002581
938,유  롯데칠성음료  IR,사업보고서 (2011.12),롯데칠성음료,2012.03.30,정연,00120571,20120330002581
939,기  한국투자신성장1호기업인수목적회사,사업보고서 (2011.12),한국투자신성장1호기업인수목적회사,2012.03.30,,00802028,20120330002581
940,기  롯데로지스틱스,사업보고서 (2011.12),롯데로지스틱스,2012.03.30,연,00120465,20120330002581
941,유  금호타이어,사업보고서 (2011.12),금호타이어,2012.03.30,연,00481454,20120330002581
942,기  이랜드리테일,사업보고서 (2011.12),이랜드리테일,2012.03.30,연,00108418,20120330002581
943,코  하나마이크론,사업보고서 (2011.12),하나마이크론,2012.03.30,연,00445054,20120330002581
944,기  코리아퍼시픽05호선박투자회사,사업보고서 (2011.12),코리아퍼시픽05호선박투자회사,2012.03.30,연,00592583,20120330002581
945,코  유비벨록스,사업보고서 (2011.12),유비벨록스,2012.03.30,정연,00592653,20120330002581
946,기  디에스티,사업보고서 (2011.12),디에스티,2012.03.30,정연,00244419,20120330002581
947,기  지에스이앤알,사업보고서 (2011.12),지에스이앤알,2012.03.30,연,00429889,20120330002581
948,코  포스코엠텍,사업보고서 (2011.12),포스코엠텍,2012.03.30,정연,00128111,20120330002581
949,유  윌비스,사업보고서 (2011.12),윌비스,2012.03.30,연,00104999,20120330002581
950,유  대성에너지,사업보고서 (2011.12),대성에너지,2012.03.30,,00787376,20120330002581
951,코  유진로봇,사업보고서 (2011.12),유진로봇,2012.03.30,,00234227,20120330002581
952,코  루멘스,사업보고서 (2011.12),루멘스,2012.03.30,연,00406329,20120330002581
953,기  한국테크놀로지  IR,사업보고서 (2011.12),한국테크놀로지,2012.03.30,연,00355548,20120330002581
954,코  iMBC,사업보고서 (2011.12),iMBC,2012.03.30,,00370006,20120330002581
955,유  한화  IR,사업보고서 (2011.12),한화,2012.03.30,연,00160588,20120330002581
956,기  엘아이에스,사업보고서 (2011.12),엘아이에스,2012.03.30,,00670085,20120330002581
957,유  STX,사업보고서 (2011.12),STX,2012.03.30,연,00138297,20120330002581
958,기  우리기업인수목적1호,사업보고서 (2011.12),우리기업인수목적1호,2012.03.30,,00803504,20120330002581
959,기  한국스탠다드차타드금융지주,사업보고서 (2011.12),한국스탠다드차타드금융지주,2012.03.30,연,00776486,20120330002581
960,기  티브로드도봉강북방송,사업보고서 (2011.12),티브로드도봉강북방송,2012.03.30,정연,00244729,20120330002581
961,유  하나투어,사업보고서 (2011.12),하나투어,2012.03.30,연,00269940,20120330002581
962,코  뷰웍스,사업보고서 (2011.12),뷰웍스,2012.03.30,정연,00609324,20120330002581
963,코  탑엔지니어링,[기재정정]사업보고서 (2011.12),탑엔지니어링,2012.03.30,연,00366845,20120330002581
964,유  경동나비엔,사업보고서 (2011.12),경동나비엔,2012.03.30,정연,00101488,20120330002581
965,유  케이씨  IR,사업보고서 (2011.12),케이씨,2012.03.30,연,00209780,20120330002581
966,유  동방,사업보고서 (2011.12),동방,2012.03.30,연,00115287,20120330002581
967,유  한전기술,사업보고서 (2011.12),한전기술,2012.03.30,,00159209,20120330002581
968,기  마이다스아이티  IR,사업보고서 (2011.12),마이다스아이티,2012.03.30,,00340005,20120330002581
969,코  DGP  IR,사업보고서 (2011.12),DGP,2012.03.30,연,00367695,20120330002581
970,유  태경비케이,사업보고서 (2011.12),태경비케이,2012.03.30,,00122481,20120330002581
971,코  드림어스컴퍼니,사업보고서 (2011.12),드림어스컴퍼니,2012.03.30,연,00364467,20120330002581
972,기  잘만테크,사업보고서 (2011.12),잘만테크,2012.03.30,연,00491336,20120330002581
973,유  한창,사업보고서 (2011.12),한창,2012.03.30,연,00163716,20120330002581
974,기  한울정보기술,사업보고서 (2011.12),한울정보기술,2012.03.30,,00470254,20120330002581
975,기  농업회사법인고창황토배기유통,사업보고서 (2011.12),농업회사법인고창황토배기유통,2012.03.30,,00637901,20120330002581
976,유  AK홀딩스,사업보고서 (2011.12),AK홀딩스,2012.03.30,정연,00125080,20120330002581
977,기  에스텍시스템,사업보고서 (2011.12),에스텍시스템,2012.03.30,,00362885,20120330002581
978,유  DB,사업보고서 (2011.12),DB,2012.03.30,연,00163345,20120330002581
979,기  중앙일보,사업보고서 (2011.12),중앙일보,2012.03.30,연,00149813,20120330002581
980,유  덕성,사업보고서 (2011.12),덕성,2012.03.30,연,00114093,20120330002581
981,유  HDC,사업보고서 (2011.12),HDC,2012.03.30,정연,00164636,20120330002581
982,유  유한양행,사업보고서 (2011.12),유한양행,2012.03.30,연,00145109,20120330002581
983,코  하이록코리아,사업보고서 (2011.12),하이록코리아,2012.03.30,정연,00165060,20120330002581
984,유  디아이,사업보고서 (2011.12),디아이,2012.03.30,연,00118275,20120330002581
985,유  태경케미컬,사업보고서 (2011.12),태경케미컬,2012.03.30,연,00109161,20120330002581
986,기  한국스탠다드차타드은행,사업보고서 (2011.12),한국스탠다드차타드은행,2012.03.30,연,00148504,20120330002581
987,유  시디즈,사업보고서 (2011.12),시디즈,2012.03.30,연,00852087,20120330002581
988,기  싸이더스,사업보고서 (2011.12),싸이더스,2012.03.30,정,00366119,20120330002581
989,기  삼성모바일디스플레이,사업보고서 (2011.12),삼성모바일디스플레이,2012.03.30,연,00687410,20120330002581
990,코  셀피글로벌,[기재정정]사업보고서 (2011.12),셀피글로벌,2012.03.30,,00308896,20120330002581
991,코  티에스넥스젠,사업보고서 (2011.12),티에스넥스젠,2012.03.30,,00317487,20120330002581
992,기  에스케이텔링크,사업보고서 (2011.12),에스케이텔링크,2012.03.30,,00257893,20120330002581
993,기  부산은행,사업보고서 (2011.12),부산은행,2012.03.30,연,00124106,20120330002581
994,유  삼화전기,사업보고서 (2011.12),삼화전기,2012.03.30,정연,00129271,20120330002581
995,코  솔브레인홀딩스,사업보고서 (2011.12),솔브레인홀딩스,2012.03.30,연,00247975,20120330002581
996,기  조은세이프,사업보고서 (2011.12),조은세이프,2012.03.30,,00658603,20120330002581
997,기  오리엔트전자,사업보고서 (2011.12),오리엔트전자,2012.03.30,,00239888,20120330002581
998,기  에스케이브로드밴드,사업보고서 (2011.12),에스케이브로드밴드,2012.03.30,연,00243988,20120330002581
999,기  크루셜텍,사업보고서 (2011.12),크루셜텍,2012.03.30,연,00618401,20120330002581
1000,코  파인디앤씨,사업보고서 (2011.12),파인디앤씨,2012.03.30,정연,00350020,20120330002581
1001,유  삼성에스디에스,사업보고서 (2011.12),삼성에스디에스,2012.03.30,연,00126186,20120330002400
1002,코  오리콤,사업보고서 (2011.12),오리콤,2012.03.30,연,00141671,20120330002400
1003,기  한화호텔앤드리조트,사업보고서 (2011.12),한화호텔앤드리조트,2012.03.30,연,00254948,20120330002400
1004,기  대신증권그로쓰알파기업인수목적,사업보고서 (2011.12),대신증권그로쓰알파기업인수목적,2012.03.30,정,00804114,20120330002400
1005,기  현대파워텍,사업보고서 (2011.12),현대파워텍,2012.03.30,,00376602,20120330002400
1006,기  더스텔라,사업보고서 (2011.12),더스텔라,2012.03.30,정연,00307037,20120330002400
1007,기  세왕,사업보고서 (2011.12),세왕,2012.03.30,정연,00609254,20120330002400
1008,코  현대바이오,사업보고서 (2011.12),현대바이오,2012.03.30,정연,00313649,20120330002400
1009,유  세방전지,사업보고서 (2011.12),세방전지,2012.03.30,,00133858,20120330002400
1010,기  신대성전기,사업보고서 (2011.12),신대성전기,2012.03.30,정연,00110538,20120330002400
1011,코  고려신용정보,사업보고서 (2011.12),고려신용정보,2012.03.30,,00336297,20120330002400
1012,유  한국앤컴퍼니,사업보고서 (2011.12),한국앤컴퍼니,2012.03.30,정연,00160047,20120330002400
1013,코  광무,사업보고서 (2011.12),광무,2012.03.30,연,00186452,20120330002400
1014,코  동성화인텍,사업보고서 (2011.12),동성화인텍,2012.03.30,,00231105,20120330002400
1015,유  KIB플러그에너지,사업보고서 (2011.12),KIB플러그에너지,2012.03.30,연,00108746,20120330002400
1016,코  켐트로닉스,사업보고서 (2011.12),켐트로닉스,2012.03.30,연,00371485,20120330002400
1017,코  한양디지텍,사업보고서 (2011.12),한양디지텍,2012.03.30,정연,00488989,20120330002400
1018,기  현대하이스코,사업보고서 (2011.12),현대하이스코,2012.03.30,연,00164469,20120330002400
1019,기  전북은행,사업보고서 (2011.12),전북은행,2012.03.30,연,00147295,20120330002400
1020,유  에쓰씨엔지니어링,사업보고서 (2011.12),에쓰씨엔지니어링,2012.03.30,연,00121969,20120330002400
1021,기  에스비엠,사업보고서 (2011.12),에스비엠,2012.03.30,,00265227,20120330002400
1022,유  JW홀딩스,사업보고서 (2011.12),JW홀딩스,2012.03.30,연,00632304,20120330002400
1023,코  케이엠더블유,사업보고서 (2011.12),케이엠더블유,2012.03.30,정연,00226352,20120330002400
1024,기  라임,사업보고서 (2011.12),라임,2012.03.30,연,00389387,20120330002400
1025,유  한미약품,사업보고서 (2011.12),한미약품,2012.03.30,연,00828497,20120330002400
1026,기  씨유전자,사업보고서 (2011.12),씨유전자,2012.03.30,연,00361114,20120330002400
1027,코  세원물산,사업보고서 (2011.12),세원물산,2012.03.30,,00173591,20120330002400
1028,유  한국종합기술,사업보고서 (2011.12),한국종합기술,2012.03.30,,00159500,20120330002400
1029,유  한미사이언스,사업보고서 (2011.12),한미사이언스,2012.03.30,연,00161426,20120330002400
1030,기  티이씨앤코,사업보고서 (2011.12),티이씨앤코,2012.03.30,연,00138127,20120330002400
1031,유  노루페인트,사업보고서 (2011.12),노루페인트,2012.03.30,연,00583442,20120330002400
1032,기  지에스홈쇼핑,사업보고서 (2011.12),지에스홈쇼핑,2012.03.30,연,00207755,20120330002400
1033,코  나이스정보통신,사업보고서 (2011.12),나이스정보통신,2012.03.30,,00264945,20120330002400
1034,유  현대홈쇼핑,사업보고서 (2011.12),현대홈쇼핑,2012.03.30,연,00412597,20120330002400
1035,기  넥슨지티,사업보고서 (2011.12),넥슨지티,2012.03.30,연,00266943,20120330002400
1036,코  다산네트웍스  IR,사업보고서 (2011.12),다산네트웍스,2012.03.30,연,00268251,20120330002400
1037,유  메타랩스,사업보고서 (2011.12),메타랩스,2012.03.30,연,00442835,20120330002400
1038,기  디에이치패션,사업보고서 (2011.12),디에이치패션,2012.03.30,연,00264981,20120330002400
1039,코  성광벤드,사업보고서 (2011.12),성광벤드,2012.03.30,연,00132318,20120330002400
1040,유  태경산업,사업보고서 (2011.12),태경산업,2012.03.30,연,00153339,20120330002400
1041,기  피앤텔,사업보고서 (2011.12),피앤텔,2012.03.30,정연,00302120,20120330002400
1042,유  콘텐트리중앙,사업보고서 (2011.12),콘텐트리중앙,2012.03.30,연,00203315,20120330002400
1043,코  강원에너지,사업보고서 (2011.12),강원에너지,2012.03.30,,00100601,20120330002400
1044,기  신세계톰보이,사업보고서 (2011.12),신세계톰보이,2012.03.30,,00132488,20120330002400
1045,기  BNK캐피탈,사업보고서 (2011.12),BNK캐피탈,2012.03.30,,00844936,20120330002400
1046,코  오스코텍,사업보고서 (2011.12),오스코텍,2012.03.30,연,00263654,20120330002400
1047,유  풀무원,사업보고서 (2011.12),풀무원,2012.03.30,연,00155355,20120330002400
1048,유  CJ대한통운,사업보고서 (2011.12),CJ대한통운,2012.03.30,연,00113410,20120330002400
1049,유  엘에스일렉트릭,사업보고서 (2011.12),엘에스일렉트릭,2012.03.30,정연,00105855,20120330002400
1050,유  JW중외제약,사업보고서 (2011.12),JW중외제약,2012.03.30,연,00149947,20120330002400
1051,코  카스,사업보고서 (2011.12),카스,2012.03.30,정연,00152260,20120330002400
1052,유  조선선재,사업보고서 (2011.12),조선선재,2012.03.30,,00796994,20120330002400
1053,유  삼부토건,사업보고서 (2011.12),삼부토건,2012.03.30,연,00125974,20120330002400
1054,유  팜스코,사업보고서 (2011.12),팜스코,2012.03.30,정연,00260408,20120330002400
1055,유  DB하이텍,사업보고서 (2011.12),DB하이텍,2012.03.30,연,00160843,20120330002400
1056,코  알파녹스,사업보고서 (2011.12),알파녹스,2012.03.30,연,00220109,20120330002400
1057,기  한국중부발전,사업보고서 (2011.12),한국중부발전,2012.03.30,정연,00396518,20120330002400
1058,기  현대페인트,사업보고서 (2011.12),현대페인트,2012.03.30,,00164955,20120330002400
1059,유  삼성중공업,사업보고서 (2011.12),삼성중공업,2012.03.30,정연,00126478,20120330002400
1060,코  이루온,사업보고서 (2011.12),이루온,2012.03.30,연,00390514,20120330002400
1061,코  케이티알파,사업보고서 (2011.12),케이티알파,2012.03.30,연,00260958,20120330002400
1062,코  휴맥스홀딩스,사업보고서 (2011.12),휴맥스홀딩스,2012.03.30,연,00219440,20120330002400
1063,코  대림제지,사업보고서 (2011.12),대림제지,2012.03.30,,00109781,20120330002400
1064,기  SK실트론,사업보고서 (2011.12),SK실트론,2012.03.30,연,00138020,20120330002400
1065,유  대상홀딩스,사업보고서 (2011.12),대상홀딩스,2012.03.30,연,00539274,20120330002400
1066,코  CNH,사업보고서 (2011.12),CNH,2012.03.30,정연,00149266,20120330002400
1067,코  JYP Ent.,사업보고서 (2011.12),JYP Ent.,2012.03.30,연,00258689,20120330002400
1068,코  유니셈,사업보고서 (2011.12),유니셈,2012.03.30,정연,00260569,20120330002400
1069,유  호텔신라,사업보고서 (2011.12),호텔신라,2012.03.30,연,00165680,20120330002400
1070,기  코스온,사업보고서 (2011.12),코스온,2012.03.30,,00402989,20120330002400
1071,유  신일전자,사업보고서 (2011.12),신일전자,2012.03.30,정연,00173698,20120330002400
1072,유  삼성전기,사업보고서 (2011.12),삼성전기,2012.03.30,연,00126371,20120330002400
1073,기  드림위즈,사업보고서 (2011.12),드림위즈,2012.03.30,,00336288,20120330002400
1074,유  천일고속,사업보고서 (2011.12),천일고속,2012.03.30,,00151395,20120330002400
1075,유  코스맥스비티아이,사업보고서 (2011.12),코스맥스비티아이,2012.03.30,연,00219574,20120330002400
1076,코  자연과환경,사업보고서 (2011.12),자연과환경,2012.03.30,연,00418379,20120330002400
1077,유  서울도시가스,사업보고서 (2011.12),서울도시가스,2012.03.30,연,00130684,20120330002400
1078,코  비에이치아이,사업보고서 (2011.12),비에이치아이,2012.03.30,정연,00409788,20120330002400
1079,유  에이블씨엔씨,사업보고서 (2011.12),에이블씨엔씨,2012.03.30,연,00400857,20120330002400
1080,코  우수AMS,사업보고서 (2011.12),우수AMS,2012.03.30,연,00301422,20120330002400
1081,기  에스트라,사업보고서 (2011.12),에스트라,2012.03.30,,00154392,20120330002400
1082,코  테라사이언스,사업보고서 (2011.12),테라사이언스,2012.03.30,연,00373021,20120330002400
1083,코  홈캐스트,사업보고서 (2011.12),홈캐스트,2012.03.30,연,00385336,20120330002400
1084,기  광주은행,사업보고서 (2011.12),광주은행,2012.03.30,연,00104078,20120330002400
1085,기  제이웨이,사업보고서 (2011.12),제이웨이,2012.03.30,정,00359474,20120330002400
1086,코  조아제약,사업보고서 (2011.12),조아제약,2012.03.30,정,00231831,20120330002400
1087,코  세종텔레콤,사업보고서 (2011.12),세종텔레콤,2012.03.30,연,00268002,20120330002400
1088,코  KCC건설,사업보고서 (2011.12),KCC건설,2012.03.30,연,00105466,20120330002400
1089,코  오르비텍,사업보고서 (2011.12),오르비텍,2012.03.30,,00297989,20120330002400
1090,코  우리바이오,사업보고서 (2011.12),우리바이오,2012.03.30,연,00369107,20120330002400
1091,코  시너지이노베이션  IR,사업보고서 (2011.12),시너지이노베이션,2012.03.30,연,00475985,20120330002400
1092,유  롯데에너지머티리얼즈,사업보고서 (2011.12),롯데에너지머티리얼즈,2012.03.30,정연,00113997,20120330002400
1093,코  일신바이오,사업보고서 (2011.12),일신바이오,2012.03.30,,00385415,20120330002400
1094,유  삼성카드,사업보고서 (2011.12),삼성카드,2012.03.30,연,00126292,20120330002400
1095,코  좋은사람들,사업보고서 (2011.12),좋은사람들,2012.03.30,정연,00205003,20120330002400
1096,코  BGF에코머티리얼즈,사업보고서 (2011.12),BGF에코머티리얼즈,2012.03.30,,00599595,20120330002400
1097,코  KS인더스트리,사업보고서 (2011.12),KS인더스트리,2012.03.30,연,00618410,20120330002400
1098,유  LS,사업보고서 (2011.12),LS,2012.03.30,연,00105952,20120330002400
1099,유  롯데쇼핑  IR,사업보고서 (2011.12),롯데쇼핑,2012.03.30,정연,00120526,20120330002400
1100,코  유진기업,사업보고서 (2011.12),유진기업,2012.03.30,정연,00184667,20120330002400
1101,코  구영테크,사업보고서 (2011.12),구영테크,2012.03.30,연,00202060,20120330002191
1102,기  코원플레이,사업보고서 (2011.12),코원플레이,2012.03.30,연,00361266,20120330002191
1103,기  스포츠서울,사업보고서 (2011.12),스포츠서울,2012.03.30,연,00298687,20120330002191
1104,유  롯데정밀화학,사업보고서 (2011.12),롯데정밀화학,2012.03.30,연,00157681,20120330002191
1105,유  현대코퍼레이션,사업보고서 (2011.12),현대코퍼레이션,2012.03.30,연,00164812,20120330002191
1106,기  드림라인,사업보고서 (2011.12),드림라인,2012.03.30,연,00249034,20120330002191
1107,유  세원이앤씨,사업보고서 (2011.12),세원이앤씨,2012.03.30,연,00585219,20120330002191
1108,기  코리아로터리서비스,사업보고서 (2011.12),코리아로터리서비스,2012.03.30,연,00171052,20120330002191
1109,유  일성아이에스,사업보고서 (2011.12),일성아이에스,2012.03.30,,00146214,20120330002191
1110,기  앤알커뮤니케이션,사업보고서 (2011.12),앤알커뮤니케이션,2012.03.30,정,00475736,20120330002191
1111,코  네패스,사업보고서 (2011.12),네패스,2012.03.30,연,00227333,20120330002191
1112,기  한화화인케미칼,사업보고서 (2011.12),한화화인케미칼,2012.03.30,,00160612,20120330002191
1113,코  엠벤처투자,사업보고서 (2011.12),엠벤처투자,2012.03.30,연,00136642,20120330002191
1114,유  대영포장,사업보고서 (2011.12),대영포장,2012.03.30,,00111458,20120330002191
1115,유  엔피씨,사업보고서 (2011.12),엔피씨,2012.03.30,연,00108038,20120330002191
1116,코  서암기계공업,사업보고서 (2011.12),서암기계공업,2012.03.30,,00166528,20120330002191
1117,코  SDN,사업보고서 (2011.12),SDN,2012.03.30,연,00574611,20120330002191
1118,유  SIMPAC,사업보고서 (2011.12),SIMPAC,2012.03.30,연,00138260,20120330002191
1119,기  제일모직,사업보고서 (2011.12),제일모직,2012.03.30,연,00148328,20120330002191
1120,기  아이디에스,사업보고서 (2011.12),아이디에스,2012.03.30,연,00446460,20120330002191
1121,코  GST,사업보고서 (2011.12),GST,2012.03.30,연,00540863,20120330002191
1122,코  아진산업,사업보고서 (2011.12),아진산업,2012.03.30,정연,00139083,20120330002191
1123,기  유니온스틸,사업보고서 (2011.12),유니온스틸,2012.03.30,연,00140380,20120330002191
1124,코  아주IB투자,사업보고서 (2011.12),아주IB투자,2012.03.30,정연,00156895,20120330002191
1125,유  오리온홀딩스,사업보고서 (2011.12),오리온홀딩스,2012.03.30,연,00117577,20120330002191
1126,기  미래에셋제1호기업인수목적,사업보고서 (2011.12),미래에셋제1호기업인수목적,2012.03.30,,00798284,20120330002191
1127,기  아이레보,사업보고서 (2011.12),아이레보,2012.03.30,,00451116,20120330002191
1128,코  판타지오,사업보고서 (2011.12),판타지오,2012.03.30,정,00231691,20120330002191
1129,기  롯데건설,사업보고서 (2011.12),롯데건설,2012.03.30,,00120438,20120330002191
1130,유  파라다이스  IR,사업보고서 (2011.12),파라다이스,2012.03.30,정연,00171265,20120330002191
1131,기  동해그린에너지,사업보고서 (2011.12),동해그린에너지,2012.03.30,,00644178,20120330002191
1132,유  SK,사업보고서 (2011.12),SK,2012.03.30,연,00181712,20120330002191
1133,코  네오위즈,사업보고서 (2011.12),네오위즈,2012.03.30,연,00628860,20120330002191
1134,유  대성산업,사업보고서 (2011.12),대성산업,2012.03.30,연,00828789,20120330002191
1135,기  나노트로닉스,사업보고서 (2011.12),나노트로닉스,2012.03.30,연,00268437,20120330002191
1136,유  현대퓨처넷,사업보고서 (2011.12),현대퓨처넷,2012.03.30,연,00403632,20120330002191
1137,유  사조대림,사업보고서 (2011.12),사조대림,2012.03.30,정연,00109718,20120330002191
1138,유  CS홀딩스,사업보고서 (2011.12),CS홀딩스,2012.03.30,연,00149026,20120330002191
1139,기  에스엘엘중앙,사업보고서 (2011.12),에스엘엘중앙,2012.03.30,,00299367,20120330002191
1140,코  화신정공,사업보고서 (2011.12),화신정공,2012.03.30,,00825223,20120330002191
1141,기  에스케이에코플랜트,사업보고서 (2011.12),에스케이에코플랜트,2012.03.30,연,00131799,20120330002191
1142,코  탑엔지니어링,사업보고서 (2011.12),탑엔지니어링,2012.03.30,정연,00366845,20120330002191
1143,유  씨아이테크,사업보고서 (2011.12),씨아이테크,2012.03.30,,00127158,20120330002191
1144,기  현대에이치씨엔동작방송,사업보고서 (2011.12),현대에이치씨엔동작방송,2012.03.30,,00255071,20120330002191
1145,기  바둑텔레비전,사업보고서 (2011.12),바둑텔레비전,2012.03.30,,00204828,20120330002191
1146,유  신세계건설,사업보고서 (2011.12),신세계건설,2012.03.30,정,00217947,20120330002191
1147,유  GS건설,사업보고서 (2011.12),GS건설,2012.03.30,정연,00120030,20120330002191
1148,코  조광ILI,사업보고서 (2011.12),조광ILI,2012.03.30,정연,00291860,20120330002191
1149,유  녹십자홀딩스,사업보고서 (2011.12),녹십자홀딩스,2012.03.30,연,00108135,20120330002191
1150,유  파미셀,사업보고서 (2011.12),파미셀,2012.03.30,연,00145163,20120330002191
1151,기  동북아5호선박투자회사,사업보고서 (2011.12),동북아5호선박투자회사,2012.03.30,연,00505198,20120330002191
1152,코  SM C&C,사업보고서 (2011.12),SM C&C,2012.03.30,정연,00185046,20120330002191
1153,코  웰크론  IR,사업보고서 (2011.12),웰크론,2012.03.30,연,00362159,20120330002191
1154,코  휴맥스,사업보고서 (2011.12),휴맥스,2012.03.30,연,00787057,20120330002191
1155,코  젬백스,사업보고서 (2011.12),젬백스,2012.03.30,연,00492894,20120330002191
1156,기  에이스하이텍,사업보고서 (2011.12),에이스하이텍,2012.03.30,연,00183260,20120330002191
1157,유  참엔지니어링,사업보고서 (2011.12),참엔지니어링,2012.03.30,정연,00153621,20120330002191
1158,코  디지아이,사업보고서 (2011.12),디지아이,2012.03.30,,00295547,20120330002191
1159,코  엘엠에스,사업보고서 (2011.12),엘엠에스,2012.03.30,정연,00494218,20120330002191
1160,코  삼보판지,사업보고서 (2011.12),삼보판지,2012.03.30,정연,00125938,20120330002191
1161,유  이수화학,사업보고서 (2011.12),이수화학,2012.03.30,정연,00145552,20120330002191
1162,유  자화전자,사업보고서 (2011.12),자화전자,2012.03.30,정연,00146861,20120330002191
1163,유  SH에너지화학,사업보고서 (2011.12),SH에너지화학,2012.03.30,연,00136457,20120330002191
1164,유  세아특수강,사업보고서 (2011.12),세아특수강,2012.03.30,연,00133991,20120330002191
1165,유  인디에프,사업보고서 (2011.12),인디에프,2012.03.30,연,00106881,20120330002191
1166,코  네오위즈홀딩스,사업보고서 (2011.12),네오위즈홀딩스,2012.03.30,연,00266952,20120330002191
1167,유  비비안,사업보고서 (2011.12),비비안,2012.03.30,정연,00107677,20120330002191
1168,유  현대건설,사업보고서 (2011.12),현대건설,2012.03.30,연,00164478,20120330002191
1169,유  티비에이치글로벌,사업보고서 (2011.12),티비에이치글로벌,2012.03.30,연,00409672,20120330002191
1170,유  제일기획,사업보고서 (2011.12),제일기획,2012.03.30,연,00148276,20120330002191
1171,기  롯데미도파,사업보고서 (2011.12),롯데미도파,2012.03.30,,00121729,20120330002191
1172,코  우리기술투자,사업보고서 (2011.12),우리기술투자,2012.03.30,연,00231664,20120330002191
1173,코  비보존 제약,사업보고서 (2011.12),비보존 제약,2012.03.30,,00533191,20120330002191
1174,유  대창단조,사업보고서 (2011.12),대창단조,2012.03.30,연,00112679,20120330002191
1175,유  티에이치엔,사업보고서 (2011.12),티에이치엔,2012.03.30,연,00118965,20120330002191
1176,코  해성산업,사업보고서 (2011.12),해성산업,2012.03.30,,00219361,20120330002191
1177,유  강남제비스코,사업보고서 (2011.12),강남제비스코,2012.03.30,정연,00100939,20120330002191
1178,기  한화건설,사업보고서 (2011.12),한화건설,2012.03.30,정연,00424529,20120330002191
1179,유  신성이엔지,사업보고서 (2011.12),신성이엔지,2012.03.30,,00136271,20120330002191
1180,기  바이오빌,사업보고서 (2011.12),바이오빌,2012.03.30,정연,00155382,20120330002191
1181,기  동북아4호선박투자회사,사업보고서 (2011.12),동북아4호선박투자회사,2012.03.30,연,00505189,20120330002191
1182,유  이아이디,사업보고서 (2011.12),이아이디,2012.03.30,정연,00480950,20120330002191
1183,코  지니뮤직  IR,사업보고서 (2011.12),지니뮤직,2012.03.30,,00223762,20120330002191
1184,기  글라소울,[기재정정]사업보고서 (2011.12),글라소울,2012.03.30,정,00272412,20120330002191
1185,기  경남은행,사업보고서 (2011.12),경남은행,2012.03.30,연,00101363,20120330002191
1186,코  모베이스전자,사업보고서 (2011.12),모베이스전자,2012.03.30,연,00137234,20120330002191
1187,유  대성홀딩스,사업보고서 (2011.12),대성홀딩스,2012.03.30,연,00108940,20120330002191
1188,유  다스코  IR,사업보고서 (2011.12),다스코,2012.03.30,연,00353878,20120330002191
1189,유  대웅제약,사업보고서 (2011.12),대웅제약,2012.03.30,연,00427483,20120330002191
1190,기  광주시민프로축구단,사업보고서 (2011.12),광주시민프로축구단,2012.03.30,,00824473,20120330002191
1191,코  파워넷,사업보고서 (2011.12),파워넷,2012.03.30,,00231354,20120330002191
1192,유  엑시큐어하이트론,사업보고서 (2011.12),엑시큐어하이트론,2012.03.30,연,00156150,20120330002191
1193,코  이글벳,사업보고서 (2011.12),이글벳,2012.03.30,,00145473,20120330002191
1194,유  KB금융,사업보고서 (2011.12),KB금융,2012.03.30,정연,00688996,20120330002191
1195,코  동방선기,사업보고서 (2011.12),동방선기,2012.03.30,연,00526678,20120330002191
1196,코  APS,사업보고서 (2011.12),APS,2012.03.30,정연,00296078,20120330002191
1197,코  상아프론테크,사업보고서 (2011.12),상아프론테크,2012.03.30,연,00181299,20120330002191
1198,코  티케이케미칼,사업보고서 (2011.12),티케이케미칼,2012.03.30,연,00693554,20120330002191
1199,코  제넨바이오,사업보고서 (2011.12),제넨바이오,2012.03.30,정연,00408956,20120330002191
1200,코  대명소노시즌,사업보고서 (2011.12),대명소노시즌,2012.03.30,연,00104810,20120330002191
1201,유  동남합성,사업보고서 (2011.12),동남합성,2012.03.30,,00115065,20120330002005
1202,유  조비,사업보고서 (2011.12),조비,2012.03.30,,00148948,20120330002005
1203,기  한국아트라스비엑스,사업보고서 (2011.12),한국아트라스비엑스,2012.03.30,정연,00159290,20120330002005
1204,기  호반산업,사업보고서 (2011.12),호반산업,2012.03.30,정연,00144766,20120330002005
1205,코  유니슨,사업보고서 (2011.12),유니슨,2012.03.30,연,00144243,20120330002005
1206,코  가온그룹,사업보고서 (2011.12),가온그룹,2012.03.30,정연,00441304,20120330002005
1207,기  태림페이퍼,사업보고서 (2011.12),태림페이퍼,2012.03.30,정연,00118460,20120330002005
1208,코  KG이니시스,사업보고서 (2011.12),KG이니시스,2012.03.30,연,00264547,20120330002005
1209,유  엔씨소프트,사업보고서 (2011.12),엔씨소프트,2012.03.30,연,00261443,20120330002005
1210,유  코리아써키트,사업보고서 (2011.12),코리아써키트,2012.03.30,정연,00152686,20120330002005
1211,코  주성엔지니어링,사업보고서 (2011.12),주성엔지니어링,2012.03.30,연,00252135,20120330002005
1212,기  에이디모터스,사업보고서 (2011.12),에이디모터스,2012.03.30,정,00266989,20120330002005
1213,기  대성합동지주,사업보고서 (2011.12),대성합동지주,2012.03.30,연,00110495,20120330002005
1214,코  알에프텍,사업보고서 (2011.12),알에프텍,2012.03.30,연,00309831,20120330002005
1215,기  파이널데이터,사업보고서 (2011.12),파이널데이터,2012.03.30,,00262479,20120330002005
1216,기  동북아12호선박투자회사,사업보고서 (2011.12),동북아12호선박투자회사,2012.03.30,연,00526447,20120330002005
1217,코  제이엔케이글로벌,사업보고서 (2011.12),제이엔케이글로벌,2012.03.30,정연,00442154,20120330002005
1218,코  에스티큐브,사업보고서 (2011.12),에스티큐브,2012.03.30,연,00273110,20120330002005
1219,코  이엠텍,사업보고서 (2011.12),이엠텍,2012.03.30,정연,00541163,20120330002005
1220,코  나노신소재,사업보고서 (2011.12),나노신소재,2012.03.30,연,00439965,20120330002005
1221,유  명문제약,사업보고서 (2011.12),명문제약,2012.03.30,연,00121039,20120330002005
1222,기  화이버텍,사업보고서 (2011.12),화이버텍,2012.03.30,,00247559,20120330002005
1223,코  오텍,사업보고서 (2011.12),오텍,2012.03.30,연,00397289,20120330002005
1224,코  KG모빌리언스,사업보고서 (2011.12),KG모빌리언스,2012.03.30,연,00405278,20120330002005
1225,코  푸른기술,사업보고서 (2011.12),푸른기술,2012.03.30,정,00537832,20120330002005
1226,유  LG생활건강,사업보고서 (2011.12),LG생활건강,2012.03.30,연,00356370,20120330002005
1227,코  쎄니트,사업보고서 (2011.12),쎄니트,2012.03.30,정연,00239596,20120330002005
1228,기  에스지피엠,사업보고서 (2011.12),에스지피엠,2012.03.30,연,00447982,20120330002005
1229,코  플래스크,사업보고서 (2011.12),플래스크,2012.03.30,,00297448,20120330002005
1230,유  대웅,사업보고서 (2011.12),대웅,2012.03.30,연,00111810,20120330002005
1231,코  키네마스터,사업보고서 (2011.12),키네마스터,2012.03.30,,00535375,20120330002005
1232,기  동북아14호선박투자회사,사업보고서 (2011.12),동북아14호선박투자회사,2012.03.30,연,00526474,20120330002005
1233,기  엘에스엠트론,사업보고서 (2011.12),엘에스엠트론,2012.03.30,연,00683627,20120330002005
1234,코  서호전기,사업보고서 (2011.12),서호전기,2012.03.30,연,00220622,20120330002005
1235,코  진매트릭스,사업보고서 (2011.12),진매트릭스,2012.03.30,연,00552992,20120330002005
1236,코  골드앤에스,사업보고서 (2011.12),골드앤에스,2012.03.30,연,00249502,20120330002005
1237,유  SK텔레콤,사업보고서 (2011.12),SK텔레콤,2012.03.30,연,00159023,20120330002005
1238,기  한화토탈에너지스,사업보고서 (2011.12),한화토탈에너지스,2012.03.30,연,00461593,20120330002005
1239,유  이마트  IR,사업보고서 (2011.12),이마트,2012.03.30,연,00872984,20120330002005
1240,기  에이치케이자산관리대부,사업보고서 (2011.12),에이치케이자산관리대부,2012.03.30,,00846651,20120330002005
1241,코  씨젠  IR,사업보고서 (2011.12),씨젠,2012.03.30,,00788773,20120330002005
1242,유  영원무역,사업보고서 (2011.12),영원무역,2012.03.30,정연,00776820,20120330002005
1243,기  신한,사업보고서 (2011.12),신한,2012.03.30,정연,00173740,20120330002005
1244,기  창원컨트리클럽,사업보고서 (2011.12),창원컨트리클럽,2012.03.30,,00455185,20120330002005
1245,코  부방,사업보고서 (2011.12),부방,2012.03.30,연,00243067,20120330002005
1246,유  삼성전자,사업보고서 (2011.12),삼성전자,2012.03.30,연,00126380,20120330002005
1247,기  세종,사업보고서 (2011.12),세종,2012.03.30,,00234865,20120330002005
1248,기  지앤에스티,사업보고서 (2011.12),지앤에스티,2012.03.30,연,00240088,20120330002005
1249,기  동북아11호선박투자회사,사업보고서 (2011.12),동북아11호선박투자회사,2012.03.30,연,00529523,20120330002005
1250,기  매경닷컴,사업보고서 (2011.12),매경닷컴,2012.03.30,,00261647,20120330002005
1251,유  태림포장,사업보고서 (2011.12),태림포장,2012.03.30,,00153524,20120330002005
1252,코  셀트리온제약,사업보고서 (2011.12),셀트리온제약,2012.03.30,연,00541349,20120330002005
1253,코  유아이디,사업보고서 (2011.12),유아이디,2012.03.30,,00400121,20120330002005
1254,기  미래SCI,사업보고서 (2011.12),미래SCI,2012.03.30,연,00111865,20120330002005
1255,유  한국쉘석유,사업보고서 (2011.12),한국쉘석유,2012.03.30,,00158149,20120330002005
1256,유  일신방직,사업보고서 (2011.12),일신방직,2012.03.30,연,00146269,20120330002005
1257,기  트라이써클,사업보고서 (2011.12),트라이써클,2012.03.30,연,00251482,20120330002005
1258,유  GS글로벌,사업보고서 (2011.12),GS글로벌,2012.03.30,연,00138190,20120330002005
1259,기  팬택자산관리,사업보고서 (2011.12),팬택자산관리,2012.03.30,연,00207542,20120330002005
1260,유  영원무역홀딩스,사업보고서 (2011.12),영원무역홀딩스,2012.03.30,연,00140964,20120330002005
1261,유  삼화콘덴서공업,사업보고서 (2011.12),삼화콘덴서공업,2012.03.30,연,00129350,20120330002005
1262,코  일지테크,사업보고서 (2011.12),일지테크,2012.03.30,연,00146560,20120330002005
1263,코  파커스,사업보고서 (2011.12),파커스,2012.03.30,정연,00384762,20120330002005
1264,유  아시아나항공,사업보고서 (2011.12),아시아나항공,2012.03.30,연,00138792,20120330002005
1265,유  동원수산,사업보고서 (2011.12),동원수산,2012.03.30,연,00118044,20120330002005
1266,기  제주국제컨벤션센터,사업보고서 (2011.12),제주국제컨벤션센터,2012.03.30,,00232335,20120330002005
1267,기  신성이엔지,사업보고서 (2011.12),신성이엔지,2012.03.30,연,00686068,20120330002005
1268,기  에듀언스,사업보고서 (2011.12),에듀언스,2012.03.30,연,00173634,20120330002005
1269,코  진성티이씨,사업보고서 (2011.12),진성티이씨,2012.03.30,연,00174208,20120330002005
1270,기  에스제이케이,사업보고서 (2011.12),에스제이케이,2012.03.30,연,00366793,20120330002005
1271,코  이미지스  IR,사업보고서 (2011.12),이미지스,2012.03.30,,00694942,20120330002005
1272,기  에이치디씨영창,사업보고서 (2011.12),에이치디씨영창,2012.03.30,연,00141282,20120330002005
1273,코  빌리언스,사업보고서 (2011.12),빌리언스,2012.03.30,정연,00173449,20120330002005
1274,기  비에스에셋매니지먼트,사업보고서 (2011.12),비에스에셋매니지먼트,2012.03.30,,00857231,20120330002005
1275,코  피에스케이홀딩스,사업보고서 (2011.12),피에스케이홀딩스,2012.03.30,연,00208444,20120330002005
1276,기  심팩메탈,사업보고서 (2011.12),심팩메탈,2012.03.30,연,00163789,20120330002005
1277,유  KPX케미칼,사업보고서 (2011.12),KPX케미칼,2012.03.30,연,00191472,20120330002005
1278,기  동북아3호선박투자회사,사업보고서 (2011.12),동북아3호선박투자회사,2012.03.30,연,00505170,20120330002005
1279,기  동북아10호선박투자회사,사업보고서 (2011.12),동북아10호선박투자회사,2012.03.30,연,00529310,20120330002005
1280,코  제넥신,사업보고서 (2011.12),제넥신,2012.03.30,정연,00545929,20120330002005
1281,기  디지털퓨전,사업보고서 (2011.12),디지털퓨전,2012.03.30,,00243322,20120330002005
1282,기  동북아2호선박투자회사,사업보고서 (2011.12),동북아2호선박투자회사,2012.03.30,연,00502474,20120330002005
1283,기  동북아13호선박투자회사,사업보고서 (2011.12),동북아13호선박투자회사,2012.03.30,연,00526465,20120330002005
1284,유  벽산,사업보고서 (2011.12),벽산,2012.03.30,연,00122898,20120330002005
1285,유  한미글로벌,사업보고서 (2011.12),한미글로벌,2012.03.30,연,00413523,20120330002005
1286,유  그린케미칼,사업보고서 (2011.12),그린케미칼,2012.03.30,,00454946,20120330002005
1287,코  쎌바이오텍,사업보고서 (2011.12),쎌바이오텍,2012.03.30,정연,00357430,20120330002005
1288,코  대창솔루션,사업보고서 (2011.12),대창솔루션,2012.03.30,,00177870,20120330002005
1289,코  어보브반도체,사업보고서 (2011.12),어보브반도체,2012.03.30,연,00591441,20120330002005
1290,기  현진소재,사업보고서 (2011.12),현진소재,2012.03.30,,00188715,20120330002005
1291,기  와이앤넥스트,사업보고서 (2011.12),와이앤넥스트,2012.03.30,연,00495554,20120330002005
1292,유  일신석재,사업보고서 (2011.12),일신석재,2012.03.30,,00146296,20120330002005
1293,기  에스케이엔펄스,사업보고서 (2011.12),에스케이엔펄스,2012.03.30,정연,00307189,20120330002005
1294,유  HD현대미포,사업보고서 (2011.12),HD현대미포,2012.03.30,연,00164609,20120330002005
1295,유  조광피혁,사업보고서 (2011.12),조광피혁,2012.03.30,연,00148939,20120330002005
1296,코  인포뱅크,사업보고서 (2011.12),인포뱅크,2012.03.30,,00243757,20120330002005
1297,기  대우산업개발,사업보고서 (2011.12),대우산업개발,2012.03.30,연,00905583,20120330002005
1298,유  모나미,사업보고서 (2011.12),모나미,2012.03.30,정연,00121288,20120330002005
1299,기  셀텍,사업보고서 (2011.12),셀텍,2012.03.30,연,00162577,20120330002005
1300,유  가온전선,사업보고서 (2011.12),가온전선,2012.03.30,정연,00104768,20120330002005
1301,코  컴투스,사업보고서 (2011.12),컴투스,2012.03.30,연,00476498,20120330001832
1302,코  크레버스,사업보고서 (2011.12),크레버스,2012.03.30,정연,00525882,20120330001832
1303,기  우림건설,사업보고서 (2011.12),우림건설,2012.03.30,,00194248,20120330001832
1304,기  대신에프앤아이,사업보고서 (2011.12),대신에프앤아이,2012.03.30,연,00416593,20120330001832
1305,코  CSA 코스믹,사업보고서 (2011.12),CSA 코스믹,2012.03.30,연,00406037,20120330001832
1306,코  원풍,사업보고서 (2011.12),원풍,2012.03.30,연,00144012,20120330001832
1307,코  이엘씨,사업보고서 (2011.12),이엘씨,2012.03.30,연,00137289,20120330001832
1308,기  텔라움,사업보고서 (2011.12),텔라움,2012.03.30,정연,00304401,20120330001832
1309,코  한성크린텍,사업보고서 (2011.12),한성크린텍,2012.03.30,연,00389998,20120330001832
1310,기  신성에프에이,사업보고서 (2011.12),신성에프에이,2012.03.30,,00686147,20120330001832
1311,기  SK,사업보고서 (2011.12),SK,2012.03.30,정연,00144155,20120330001832
1312,기  아이이,사업보고서 (2011.12),아이이,2012.03.30,연,00100717,20120330001832
1313,유  대유플러스,사업보고서 (2011.12),대유플러스,2012.03.30,연,00126089,20120330001832
1314,유  SHD,사업보고서 (2011.12),SHD,2012.03.30,,00137809,20120330001832
1315,유  동성케미컬,사업보고서 (2011.12),동성케미컬,2012.03.30,연,00679314,20120330001832
1316,기  국민은행,사업보고서 (2011.12),국민은행,2012.03.30,연,00386937,20120330001832
1317,코  원익홀딩스,사업보고서 (2011.12),원익홀딩스,2012.03.30,정연,00216647,20120330001832
1318,코  SCI평가정보,사업보고서 (2011.12),SCI평가정보,2012.03.30,,00260745,20120330001832
1319,코  동일기연,사업보고서 (2011.12),동일기연,2012.03.30,연,00199076,20120330001832
1320,기  한컴지엠디,사업보고서 (2011.12),한컴지엠디,2012.03.30,정연,00473400,20120330001832
1321,코  기산텔레콤,사업보고서 (2011.12),기산텔레콤,2012.03.30,정연,00258421,20120330001832
1322,유  한국공항,사업보고서 (2011.12),한국공항,2012.03.30,연,00156691,20120330001832
1323,기  락앤락,사업보고서 (2011.12),락앤락,2012.03.30,연,00561866,20120330001832
1324,유  아이에스동서,사업보고서 (2011.12),아이에스동서,2012.03.30,연,00115977,20120330001832
1325,코  케이피티유,사업보고서 (2011.12),케이피티유,2012.03.30,연,00357607,20120330001832
1326,유  OCI홀딩스,사업보고서 (2011.12),OCI홀딩스,2012.03.30,연,00148896,20120330001832
1327,기  한림창업투자,사업보고서 (2011.12),한림창업투자,2012.03.30,,00161301,20120330001832
1328,코  드래곤플라이,사업보고서 (2011.12),드래곤플라이,2012.03.30,연,00230036,20120330001832
1329,코  위즈코프,사업보고서 (2011.12),위즈코프,2012.03.30,정연,00264228,20120330001832
1330,유  고려산업,사업보고서 (2011.12),고려산업,2012.03.30,연,00102751,20120330001832
1331,코  에이루트,사업보고서 (2011.12),에이루트,2012.03.30,정,00608839,20120330001832
1332,코  팬엔터테인먼트,사업보고서 (2011.12),팬엔터테인먼트,2012.03.30,연,00397191,20120330001832
1333,기  기흥관광개발,사업보고서 (2011.12),기흥관광개발,2012.03.30,,00106720,20120330001832
1334,유  보령  IR,사업보고서 (2011.12),보령,2012.03.30,,00123143,20120330001832
1335,코  삼영엠텍,사업보고서 (2011.12),삼영엠텍,2012.03.30,연,00250614,20120330001832
1336,기  넥솔론,사업보고서 (2011.12),넥솔론,2012.03.30,,00636045,20120330001832
1337,유  동일산업,사업보고서 (2011.12),동일산업,2012.03.30,,00172936,20120330001832
1338,코  SGC E&C,사업보고서 (2011.12),SGC E&C,2012.03.30,연,00141246,20120330001832
1339,코  대산F&B  IR,사업보고서 (2011.12),대산F&B,2012.03.30,정연,00390860,20120330001832
1340,유  한국무브넥스,사업보고서 (2011.12),한국무브넥스,2012.03.30,연,00160418,20120330001832
1341,코  에스에프에이,사업보고서 (2011.12),에스에프에이,2012.03.30,연,00358271,20120330001832
1342,기  신한은행,사업보고서 (2011.12),신한은행,2012.03.30,정연,00149293,20120330001832
1343,코  아이텍,사업보고서 (2011.12),아이텍,2012.03.30,,00626011,20120330001832
1344,유  한솔피엔에스,사업보고서 (2011.12),한솔피엔에스,2012.03.30,,00103626,20120330001832
1345,기  고려개발,사업보고서 (2011.12),고려개발,2012.03.30,,00102681,20120330001832
1346,코  인선이엔티,사업보고서 (2011.12),인선이엔티,2012.03.30,연,00375931,20120330001832
1347,코  성도이엔지,사업보고서 (2011.12),성도이엔지,2012.03.30,연,00216498,20120330001832
1348,유  아이마켓코리아,사업보고서 (2011.12),아이마켓코리아,2012.03.30,,00360142,20120330001832
1349,코  덕산하이메탈,사업보고서 (2011.12),덕산하이메탈,2012.03.30,,00471068,20120330001832
1350,기  에스케이커뮤니케이션즈,사업보고서 (2011.12),에스케이커뮤니케이션즈,2012.03.30,연,00361725,20120330001832
1351,유  인천도시가스,사업보고서 (2011.12),인천도시가스,2012.03.30,,00145862,20120330001832
1352,코  휴온스글로벌  IR,사업보고서 (2011.12),휴온스글로벌,2012.03.30,,00228059,20120330001832
1353,유  우진플라임,사업보고서 (2011.12),우진플라임,2012.03.30,정연,00303217,20120330001832
1354,유  플레이그램,사업보고서 (2011.12),플레이그램,2012.03.30,정연,00103130,20120330001832
1355,유  유니온머티리얼,사업보고서 (2011.12),유니온머티리얼,2012.03.30,연,00369833,20120330001832
1356,유  LX하우시스,사업보고서 (2011.12),LX하우시스,2012.03.30,정연,00759513,20120330001832
1357,유  HL D&I,사업보고서 (2011.12),HL D&I,2012.03.30,정연,00161116,20120330001832
1358,기  바다로3호선박투자회사,사업보고서 (2011.12),바다로3호선박투자회사,2012.03.30,연,00587101,20120330001832
1359,기  호텔롯데,사업보고서 (2011.12),호텔롯데,2012.03.30,연,00165653,20120330001832
1360,기  더존홀딩스,사업보고서 (2011.12),더존홀딩스,2012.03.30,연,00463449,20120330001832
1361,코  차바이오텍  IR,사업보고서 (2011.12),차바이오텍,2012.03.30,정연,00525679,20120330001832
1362,유  STX엔진,사업보고서 (2011.12),STX엔진,2012.03.30,연,00480455,20120330001832
1363,유  신대양제지,사업보고서 (2011.12),신대양제지,2012.03.30,연,00135777,20120330001832
1364,유  우신시스템,사업보고서 (2011.12),우신시스템,2012.03.30,연,00142883,20120330001832
1365,코  라온시큐어,사업보고서 (2011.12),라온시큐어,2012.03.30,연,00255433,20120330001832
1366,기  전남개발공사,[기재정정]사업보고서 (2011.12),전남개발공사,2012.03.30,,00856825,20120330001832
1367,기  대양제지공업,사업보고서 (2011.12),대양제지공업,2012.03.30,연,00111227,20120330001832
1368,코  상상인  IR,사업보고서 (2011.12),상상인,2012.03.30,연,00306162,20120330001832
1369,유  동원시스템즈,사업보고서 (2011.12),동원시스템즈,2012.03.30,정연,00132637,20120330001832
1370,기  한국씨티금융지주,사업보고서 (2011.12),한국씨티금융지주,2012.03.30,정연,00859707,20120330001832
1371,코  셀피글로벌,사업보고서 (2011.12),셀피글로벌,2012.03.30,정,00308896,20120330001832
1372,기  플랜텍,사업보고서 (2011.12),플랜텍,2012.03.30,연,00181934,20120330001832
1373,기  웅진식품,사업보고서 (2011.12),웅진식품,2012.03.30,연,00143642,20120330001832
1374,코  엠케이전자,사업보고서 (2011.12),엠케이전자,2012.03.30,연,00121686,20120330001832
1375,유  SK하이닉스,사업보고서 (2011.12),SK하이닉스,2012.03.30,정연,00164779,20120330001832
1376,유  동원산업  IR,사업보고서 (2011.12),동원산업,2012.03.30,연,00118026,20120330001832
1377,코  한국팩키지,사업보고서 (2011.12),한국팩키지,2012.03.30,,00198192,20120330001832
1378,유  신세계I&C,사업보고서 (2011.12),신세계I&C,2012.03.30,,00219486,20120330001832
1379,유  국보,사업보고서 (2011.12),국보,2012.03.30,연,00104519,20120330001832
1380,코  브리지텍,사업보고서 (2011.12),브리지텍,2012.03.30,,00359076,20120330001832
1381,코  동양에스텍,사업보고서 (2011.12),동양에스텍,2012.03.30,연,00178851,20120330001832
1382,유  대교  IR,사업보고서 (2011.12),대교,2012.03.30,연,00108913,20120330001832
1383,기  매일방송,사업보고서 (2011.12),매일방송,2012.03.30,,00199030,20120330001832
1384,기  코크렙제8호위탁관리부동산투자회사,사업보고서 (2011.12),코크렙제8호위탁관리부동산투자회사,2012.03.30,,00560025,20120330001832
1385,코  원익,사업보고서 (2011.12),원익,2012.03.30,정연,00210980,20120330001832
1386,유  동성제약,사업보고서 (2011.12),동성제약,2012.03.30,연,00116268,20120330001832
1387,유  두산에너빌리티,사업보고서 (2011.12),두산에너빌리티,2012.03.30,연,00159616,20120330001832
1388,기  하나은행,사업보고서 (2011.12),하나은행,2012.03.30,연,00130897,20120330001832
1389,코  케이엘넷,사업보고서 (2011.12),케이엘넷,2012.03.30,,00246620,20120330001832
1390,기  티맥스소프트,사업보고서 (2011.12),티맥스소프트,2012.03.30,,00340111,20120330001832
1391,유  쌍방울,사업보고서 (2011.12),쌍방울,2012.03.30,정연,00681142,20120330001832
1392,유  코오롱ENP,사업보고서 (2011.12),코오롱ENP,2012.03.30,연,00241005,20120330001832
1393,코  위지트,사업보고서 (2011.12),위지트,2012.03.30,정,00258360,20120330001832
1394,유  한신공영,사업보고서 (2011.12),한신공영,2012.03.30,정연,00162063,20120330001832
1395,기  뉴경기관광,사업보고서 (2011.12),뉴경기관광,2012.03.30,,00108302,20120330001832
1396,코  한솔인티큐브,사업보고서 (2011.12),한솔인티큐브,2012.03.30,정연,00470829,20120330001832
1397,기  현대커머셜  IR,사업보고서 (2011.12),현대커머셜,2012.03.30,연,00603278,20120330001832
1398,유  한국내화,사업보고서 (2011.12),한국내화,2012.03.30,,00160205,20120330001832
1399,유  알루코,사업보고서 (2011.12),알루코,2012.03.30,연,00117027,20120330001832
1400,코  소니드,사업보고서 (2011.12),소니드,2012.03.30,연,00363510,20120330001832
1401,유  한화오션,사업보고서 (2011.12),한화오션,2012.03.30,정연,00111704,20120330001655
1402,기  디에스,사업보고서 (2011.12),디에스,2012.03.30,연,00314888,20120330001655
1403,코  제이스텍,사업보고서 (2011.12),제이스텍,2012.03.30,,00493185,20120330001655
1404,유  한솔홈데코,사업보고서 (2011.12),한솔홈데코,2012.03.30,연,00203582,20120330001655
1405,코  오픈베이스,사업보고서 (2011.12),오픈베이스,2012.03.30,연,00335076,20120330001655
1406,코  희림,사업보고서 (2011.12),희림,2012.03.30,,00236863,20120330001655
1407,유  LF,사업보고서 (2011.12),LF,2012.03.30,연,00593032,20120330001655
1408,기  코리아퍼시픽07호선박투자회사,사업보고서 (2011.12),코리아퍼시픽07호선박투자회사,2012.03.30,연,00637114,20120330001655
1409,코  아비코전자,사업보고서 (2011.12),아비코전자,2012.03.30,연,00138598,20120330001655
1410,유  디아이동일,사업보고서 (2011.12),디아이동일,2012.03.30,연,00118345,20120330001655
1411,기  마금,사업보고서 (2011.12),마금,2012.03.30,,00138835,20120330001655
1412,유  한일현대시멘트,사업보고서 (2011.12),한일현대시멘트,2012.03.30,연,00164672,20120330001655
1413,유  아세아제지,사업보고서 (2011.12),아세아제지,2012.03.30,연,00138729,20120330001655
1414,코  이트론,사업보고서 (2011.12),이트론,2012.03.30,연,00480756,20120330001655
1415,기  유에이블,사업보고서 (2011.12),유에이블,2012.03.30,연,00416706,20120330001655
1416,기  모아에스앤에스,사업보고서 (2011.12),모아에스앤에스,2012.03.30,연,00350251,20120330001655
1417,기  예당컴퍼니,사업보고서 (2011.12),예당컴퍼니,2012.03.30,정연,00252393,20120330001655
1418,코  세진티에스,[첨부정정]사업보고서 (2011.12),세진티에스,2012.03.30,연,00406727,20120330001655
1419,코  씨큐브,사업보고서 (2011.12),씨큐브,2012.03.30,정,00520610,20120330001655
1420,코  씨씨에스,사업보고서 (2011.12),씨씨에스,2012.03.30,정연,00249441,20120330001655
1421,유  경농,사업보고서 (2011.12),경농,2012.03.30,연,00101433,20120330001655
1422,유  한솔로지스틱스,사업보고서 (2011.12),한솔로지스틱스,2012.03.30,연,00140946,20120330001655
1423,코  디에이피,사업보고서 (2011.12),디에이피,2012.03.30,,00303192,20120330001655
1424,유  삼영,사업보고서 (2011.12),삼영,2012.03.30,정연,00127255,20120330001655
1425,유  이구산업,사업보고서 (2011.12),이구산업,2012.03.30,,00145464,20120330001655
1426,유  삼양통상,사업보고서 (2011.12),삼양통상,2012.03.30,연,00127042,20120330001655
1427,코  하이소닉,사업보고서 (2011.12),하이소닉,2012.03.30,연,00542898,20120330001655
1428,기  한진해운,사업보고서 (2011.12),한진해운,2012.03.30,연,00790501,20120330001655
1429,기  제이에스전선,사업보고서 (2011.12),제이에스전선,2012.03.30,연,00140362,20120330001655
1430,유  한창제지,사업보고서 (2011.12),한창제지,2012.03.30,,00163761,20120330001655
1431,코  에코플라스틱,사업보고서 (2011.12),에코플라스틱,2012.03.30,정연,00139153,20120330001655
1432,코  한국정보공학,사업보고서 (2011.12),한국정보공학,2012.03.30,연,00261957,20120330001655
1433,코  에스에너지,사업보고서 (2011.12),에스에너지,2012.03.30,연,00585538,20120330001655
1434,코  쇼박스  IR,사업보고서 (2011.12),쇼박스,2012.03.30,연,00303794,20120330001655
1435,기  엔스퍼트,사업보고서 (2011.12),엔스퍼트,2012.03.30,,00595243,20120330001655
1436,유  LG화학,사업보고서 (2011.12),LG화학,2012.03.30,연,00356361,20120330001655
1437,코  동아화성,사업보고서 (2011.12),동아화성,2012.03.30,연,00199988,20120330001655
1438,기  코리아퍼시픽04호선박투자회사,사업보고서 (2011.12),코리아퍼시픽04호선박투자회사,2012.03.30,연,00580630,20120330001655
1439,기  동양건설산업,사업보고서 (2011.12),동양건설산업,2012.03.30,연,00117072,20120330001655
1440,유  주성코퍼레이션,사업보고서 (2011.12),주성코퍼레이션,2012.03.30,,00753643,20120330001655
1441,코  토비스,사업보고서 (2011.12),토비스,2012.03.30,연,00390365,20120330001655
1442,유  하나금융지주,사업보고서 (2011.12),하나금융지주,2012.03.30,연,00547583,20120330001655
1443,코  서부T&D,사업보고서 (2011.12),서부T&D,2012.03.30,연,00130383,20120330001655
1444,코  큐캐피탈,사업보고서 (2011.12),큐캐피탈,2012.03.30,,00267942,20120330001655
1445,유  사조동아원,사업보고서 (2011.12),사조동아원,2012.03.30,정연,00137252,20120330001655
1446,기  씨앤케이인터내셔널,사업보고서 (2011.12),씨앤케이인터내셔널,2012.03.30,연,00252755,20120330001655
1447,코  이오테크닉스,사업보고서 (2011.12),이오테크닉스,2012.03.30,연,00246417,20120330001655
1448,코  지어소프트,사업보고서 (2011.12),지어소프트,2012.03.30,연,00389110,20120330001655
1449,코  케이프,사업보고서 (2011.12),케이프,2012.03.30,,00152437,20120330001655
1450,유  강원랜드,사업보고서 (2011.12),강원랜드,2012.03.30,연,00255619,20120330001655
1451,기  우리은행,사업보고서 (2011.12),우리은행,2012.03.30,정연,00254045,20120330001655
1452,유  청호ICT,사업보고서 (2011.12),청호ICT,2012.03.30,정연,00151863,20120330001655
1453,기  시큐아이,사업보고서 (2011.12),시큐아이,2012.03.30,,00294511,20120330001655
1454,기  사조해표,사업보고서 (2011.12),사조해표,2012.03.30,정연,00503899,20120330001655
1455,유  크라운해태홀딩스,사업보고서 (2011.12),크라운해태홀딩스,2012.03.30,연,00153126,20120330001655
1456,기  파나케이아,사업보고서 (2011.12),파나케이아,2012.03.30,연,00353018,20120330001655
1457,기  경남기업,사업보고서 (2011.12),경남기업,2012.03.30,정연,00101257,20120330001655
1458,코  더테크놀로지,사업보고서 (2011.12),더테크놀로지,2012.03.30,정연,00351454,20120330001655
1459,유  평화산업,사업보고서 (2011.12),평화산업,2012.03.30,연,00573579,20120330001655
1460,기  플렉스컴,사업보고서 (2011.12),플렉스컴,2012.03.30,정연,00364926,20120330001655
1461,기  코리아퍼시픽03호선박투자회사,사업보고서 (2011.12),코리아퍼시픽03호선박투자회사,2012.03.30,연,00580621,20120330001655
1462,유  한국전력공사,사업보고서 (2011.12),한국전력공사,2012.03.30,정연,00159193,20120330001655
1463,코  퀀타피아,사업보고서 (2011.12),퀀타피아,2012.03.30,연,00501970,20120330001655
1464,코  유라테크,사업보고서 (2011.12),유라테크,2012.03.30,,00201742,20120330001655
1465,유  콤텍시스템,사업보고서 (2011.12),콤텍시스템,2012.03.30,연,00186559,20120330001655
1466,기  새롬정보시스템,사업보고서 (2011.12),새롬정보시스템,2012.03.30,,00324867,20120330001655
1467,유  신한지주,사업보고서 (2011.12),신한지주,2012.03.30,정연,00382199,20120330001655
1468,기  디엘건설,사업보고서 (2011.12),디엘건설,2012.03.30,,00128971,20120330001655
1469,코  와이어블,사업보고서 (2011.12),와이어블,2012.03.30,정,00250137,20120330001655
1470,기  이디디컴퍼니,사업보고서 (2011.12),이디디컴퍼니,2012.03.30,연,00329677,20120330001655
1471,기  제이앤유글로벌,사업보고서 (2011.12),제이앤유글로벌,2012.03.30,연,00413824,20120330001655
1472,기  한국지주,사업보고서 (2011.12),한국지주,2012.03.30,연,00159874,20120330001655
1473,유  YG PLUS,사업보고서 (2011.12),YG PLUS,2012.03.30,연,00249247,20120330001655
1474,코  심텍홀딩스,사업보고서 (2011.12),심텍홀딩스,2012.03.30,연,00152127,20120330001655
1475,기  디앤오,사업보고서 (2011.12),디앤오,2012.03.30,연,00395324,20120330001655
1476,코  디에스케이,사업보고서 (2011.12),디에스케이,2012.03.30,정연,00530121,20120330001655
1477,코  한빛소프트,사업보고서 (2011.12),한빛소프트,2012.03.30,정연,00348292,20120330001655
1478,기  대교홀딩스,사업보고서 (2011.12),대교홀딩스,2012.03.30,연,00366298,20120330001655
1479,유  셀트리온,사업보고서 (2011.12),셀트리온,2012.03.30,연,00413046,20120330001655
1480,유  농심홀딩스,사업보고서 (2011.12),농심홀딩스,2012.03.30,연,00459871,20120330001655
1481,유  일성건설,사업보고서 (2011.12),일성건설,2012.03.30,연,00146232,20120330001655
1482,기  코리아퍼시픽02호선박투자회사,사업보고서 (2011.12),코리아퍼시픽02호선박투자회사,2012.03.30,연,00580612,20120330001655
1483,기  롯데알미늄,사업보고서 (2011.12),롯데알미늄,2012.03.30,연,00120535,20120330001655
1484,코  서진오토모티브,사업보고서 (2011.12),서진오토모티브,2012.03.30,,00800145,20120330001655
1485,코  백금T&A  IR,사업보고서 (2011.12),백금T&A,2012.03.30,연,00360036,20120330001655
1486,코  THE E&M,사업보고서 (2011.12),THE E&M,2012.03.30,,00519252,20120330001655
1487,유  WISCOM,사업보고서 (2011.12),WISCOM,2012.03.30,연,00142865,20120330001655
1488,기  에이치씨코퍼레이션,사업보고서 (2011.12),에이치씨코퍼레이션,2012.03.30,정연,00241236,20120330001655
1489,유  한섬,사업보고서 (2011.12),한섬,2012.03.30,연,00188089,20120330001655
1490,코  KBI메탈,사업보고서 (2011.12),KBI메탈,2012.03.30,,00158024,20120330001655
1491,코  이니텍,사업보고서 (2011.12),이니텍,2012.03.30,연,00353610,20120330001655
1492,기  글라소울,사업보고서 (2011.12),글라소울,2012.03.30,정,00272412,20120330001655
1493,기  평산,사업보고서 (2011.12),평산,2012.03.30,정연,00220181,20120330001655
1494,기  이코리아자기관리부동산투자회사,사업보고서 (2011.12),이코리아자기관리부동산투자회사,2012.03.30,,00846396,20120330001655
1495,기  아이엠뱅크,사업보고서 (2011.12),아이엠뱅크,2012.03.30,연,00109019,20120330001655
1496,유  HS애드,사업보고서 (2011.12),HS애드,2012.03.30,정연,00140168,20120330001655
1497,유  퍼스텍,사업보고서 (2011.12),퍼스텍,2012.03.30,연,00148522,20120330001655
1498,기  실리콘화일,사업보고서 (2011.12),실리콘화일,2012.03.30,,00525527,20120330001655
1499,기  SBS미디어홀딩스,사업보고서 (2011.12),SBS미디어홀딩스,2012.03.30,연,00650629,20120330001655
1500,기  농업회사법인영광군유통,사업보고서 (2011.12),농업회사법인영광군유통,2012.03.30,,00780319,20120330001655
1501,유  대양금속,사업보고서 (2011.12),대양금속,2012.03.30,연,00111111,20120330001480
1502,유  효성 ITX,사업보고서 (2011.12),효성 ITX,2012.03.30,연,00414850,20120330001480
1503,코  대성창투,사업보고서 (2011.12),대성창투,2012.03.30,,00109037,20120330001480
1504,유  진원생명과학,사업보고서 (2011.12),진원생명과학,2012.03.30,연,00118521,20120330001480
1505,기  제네시스디벨롭먼트홀딩스,사업보고서 (2011.12),제네시스디벨롭먼트홀딩스,2012.03.30,정연,00350738,20120330001480
1506,코  에스에이엠티,사업보고서 (2011.12),에스에이엠티,2012.03.30,정연,00128661,20120330001480
1507,기  엠제이비,사업보고서 (2011.12),엠제이비,2012.03.30,정연,00418476,20120330001480
1508,유  한진중공업홀딩스,사업보고서 (2011.12),한진중공업홀딩스,2012.03.30,연,00163673,20120330001480
1509,기  에이치디현대오일뱅크,사업보고서 (2011.12),에이치디현대오일뱅크,2012.03.30,연,00105174,20120330001480
1510,코  오성첨단소재,사업보고서 (2011.12),오성첨단소재,2012.03.30,정연,00350048,20120330001480
1511,코  시노펙스,사업보고서 (2011.12),시노펙스,2012.03.30,연,00203023,20120330001480
1512,코  씨유메디칼,사업보고서 (2011.12),씨유메디칼,2012.03.30,,00681249,20120330001480
1513,코  모베이스,사업보고서 (2011.12),모베이스,2012.03.30,연,00498001,20120330001480
1514,기  씨티앤티,사업보고서 (2011.12),씨티앤티,2012.03.30,연,00334493,20120330001480
1515,기  한국씨티은행,사업보고서 (2011.12),한국씨티은행,2012.03.30,정연,00161444,20120330001480
1516,유  에스엘,사업보고서 (2011.12),에스엘,2012.03.30,정연,00125521,20120330001480
1517,유  더존비즈온,사업보고서 (2011.12),더존비즈온,2012.03.30,연,00172291,20120330001480
1518,코  이스트소프트,사업보고서 (2011.12),이스트소프트,2012.03.30,연,00273420,20120330001480
1519,유  선진,사업보고서 (2011.12),선진,2012.03.30,,00855093,20120330001480
1520,유  SG글로벌,사업보고서 (2011.12),SG글로벌,2012.03.30,연,00152039,20120330001480
1521,코  알파홀딩스,사업보고서 (2011.12),알파홀딩스,2012.03.30,,00605124,20120330001480
1522,기  아이비케이에스스마트에스엠이기업인수목적1호,사업보고서 (2011.12),아이비케이에스스마트에스엠이기업인수목적1호,2012.03.30,,00824659,20120330001480
1523,유  극동유화,사업보고서 (2011.12),극동유화,2012.03.30,,00105156,20120330001480
1524,기  동양텔레콤,사업보고서 (2011.12),동양텔레콤,2012.03.30,연,00117638,20120330001480
1525,코  다우데이타,사업보고서 (2011.12),다우데이타,2012.03.30,연,00238782,20120330001480
1526,기  보루네오가구,사업보고서 (2011.12),보루네오가구,2012.03.30,,00123152,20120330001480
1527,코  잉크테크,사업보고서 (2011.12),잉크테크,2012.03.30,연,00261656,20120330001480
1528,기  코리아퍼시픽01호선박투자회사,사업보고서 (2011.12),코리아퍼시픽01호선박투자회사,2012.03.30,연,00580603,20120330001480
1529,유  인지컨트롤스,사업보고서 (2011.12),인지컨트롤스,2012.03.30,연,00103510,20120330001480
1530,코  팬스타엔터프라이즈,사업보고서 (2011.12),팬스타엔터프라이즈,2012.03.30,연,00339072,20120330001480
1531,기  엠피씨플러스,사업보고서 (2011.12),엠피씨플러스,2012.03.30,연,00302078,20120330001480
1532,유  대한제당,사업보고서 (2011.12),대한제당,2012.03.30,연,00113234,20120330001480
1533,기  멜파스  IR,사업보고서 (2011.12),멜파스,2012.03.30,,00609315,20120330001480
1534,기  두타몰,사업보고서 (2011.12),두타몰,2012.03.30,,00646574,20120330001480
1535,코  국일제지,사업보고서 (2011.12),국일제지,2012.03.30,정연,00104573,20120330001480
1536,기  도레이케미칼,사업보고서 (2011.12),도레이케미칼,2012.03.30,연,00148717,20120330001480
1537,기  현대정보기술,사업보고서 (2011.12),현대정보기술,2012.03.30,연,00200956,20120330001480
1538,코  딜리,사업보고서 (2011.12),딜리,2012.03.30,정연,00629212,20120330001480
1539,기  씨브이네트,사업보고서 (2011.12),씨브이네트,2012.03.30,,00314718,20120330001480
1540,유  대원강업,사업보고서 (2011.12),대원강업,2012.03.30,연,00111847,20120330001480
1541,유  진도,사업보고서 (2011.12),진도,2012.03.30,정연,00557933,20120330001480
1542,코  한글과컴퓨터,사업보고서 (2011.12),한글과컴퓨터,2012.03.30,연,00204262,20120330001480
1543,코  코스나인,사업보고서 (2011.12),코스나인,2012.03.30,연,00442455,20120330001480
1544,유  한올바이오파마,사업보고서 (2011.12),한올바이오파마,2012.03.30,정연,00162586,20120330001480
1545,코  국보디자인,사업보고서 (2011.12),국보디자인,2012.03.30,연,00253985,20120330001480
1546,코  동화기업,사업보고서 (2011.12),동화기업,2012.03.30,연,00173032,20120330001480
1547,코  대정화금,사업보고서 (2011.12),대정화금,2012.03.30,정,00250997,20120330001480
1548,기  중앙건설,사업보고서 (2011.12),중앙건설,2012.03.30,연,00149664,20120330001480
1549,코  동국산업,사업보고서 (2011.12),동국산업,2012.03.30,연,00172680,20120330001480
1550,기  한국전기초자,사업보고서 (2011.12),한국전기초자,2012.03.30,,00159175,20120330001480
1551,코  한주에이알티,사업보고서 (2011.12),한주에이알티,2012.03.30,연,00146427,20120330001480
1552,유  한국화장품제조,사업보고서 (2011.12),한국화장품제조,2012.03.30,,00160621,20120330001480
1553,기  디아이지에어가스,사업보고서 (2011.12),디아이지에어가스,2012.03.30,,00110486,20120330001480
1554,기  케이피케미칼,사업보고서 (2011.12),케이피케미칼,2012.03.30,연,00399773,20120330001480
1555,기  엠캐피탈,사업보고서 (2011.12),엠캐피탈,2012.03.30,,00248938,20120330001480
1556,코  동일금속,사업보고서 (2011.12),동일금속,2012.03.30,정,00118284,20120330001480
1557,기  이엠네트웍스,사업보고서 (2011.12),이엠네트웍스,2012.03.30,,00496225,20120330001480
1558,유  동양고속,사업보고서 (2011.12),동양고속,2012.03.30,정연,00540641,20120330001480
1559,기  롯데카드,사업보고서 (2011.12),롯데카드,2012.03.30,연,00219051,20120330001480
1560,코  HB테크놀러지,사업보고서 (2011.12),HB테크놀러지,2012.03.30,,00255275,20120330001480
1561,기  디아이디,사업보고서 (2011.12),디아이디,2012.03.30,연,00302801,20120330001480
1562,기  네오퍼플,사업보고서 (2011.12),네오퍼플,2012.03.30,정연,00121251,20120330001480
1563,유  코오롱글로벌,사업보고서 (2011.12),코오롱글로벌,2012.03.30,연,00152880,20120330001480
1564,기  우리금융지주,사업보고서 (2011.12),우리금융지주,2012.03.30,정연,00375302,20120330001480
1565,코  MIT,사업보고서 (2011.12),MIT,2012.03.30,연,00215976,20120330001480
1566,유  우성,사업보고서 (2011.12),우성,2012.03.30,연,00142661,20120330001480
1567,코  메디앙스,사업보고서 (2011.12),메디앙스,2012.03.30,,00267854,20120330001480
1568,기  엘티삼보,사업보고서 (2011.12),엘티삼보,2012.03.30,,00125910,20120330001480
1569,유  계양전기  IR,사업보고서 (2011.12),계양전기,2012.03.30,연,00102618,20120330001480
1570,기  알보젠코리아,사업보고서 (2011.12),알보젠코리아,2012.03.30,,00105244,20120330001480
1571,기  아주엘앤에프홀딩스,사업보고서 (2011.12),아주엘앤에프홀딩스,2012.03.30,정연,00193805,20120330001480
1572,코  서울옥션,사업보고서 (2011.12),서울옥션,2012.03.30,정연,00410915,20120330001480
1573,기  한국동서발전,사업보고서 (2011.12),한국동서발전,2012.03.30,연,00393636,20120330001480
1574,코  모아텍,사업보고서 (2011.12),모아텍,2012.03.30,연,00241209,20120330001480
1575,기  거북선4호선박투자회사,사업보고서 (2011.12),거북선4호선박투자회사,2012.03.30,,00697329,20120330001480
1576,코  아이패밀리에스씨,사업보고서 (2011.12),아이패밀리에스씨,2012.03.30,,00692254,20120330001480
1577,기  롯데캐피탈,사업보고서 (2011.12),롯데캐피탈,2012.03.30,연,00222295,20120330001480
1578,유  DN오토모티브,사업보고서 (2011.12),DN오토모티브,2012.03.30,연,00116949,20120330001480
1579,기  한겨레신문,사업보고서 (2011.12),한겨레신문,2012.03.30,,00156275,20120330001480
1580,기  하이골드오션2호선박투자회사,사업보고서 (2011.12),하이골드오션2호선박투자회사,2012.03.30,연,00855145,20120330001480
1581,유  KTcs,사업보고서 (2011.12),KTcs,2012.03.30,,00372882,20120330001480
1582,코  NHN벅스,사업보고서 (2011.12),NHN벅스,2012.03.30,연,00645089,20120330001480
1583,코  빅텍,사업보고서 (2011.12),빅텍,2012.03.30,,00385363,20120330001480
1584,유  한국카본,사업보고서 (2011.12),한국카본,2012.03.30,연,00159795,20120330001480
1585,유  선도전기,사업보고서 (2011.12),선도전기,2012.03.30,연,00131939,20120330001480
1586,유  한국화장품,사업보고서 (2011.12),한국화장품,2012.03.30,연,00823429,20120330001480
1587,코  한네트,사업보고서 (2011.12),한네트,2012.03.30,,00244783,20120330001480
1588,유  진양폴리우레탄,사업보고서 (2011.12),진양폴리우레탄,2012.03.30,,00160375,20120330001480
1589,코  나노엔텍,사업보고서 (2011.12),나노엔텍,2012.03.30,연,00230425,20120330001480
1590,유  케이씨티시,사업보고서 (2011.12),케이씨티시,2012.03.30,연,00103042,20120330001480
1591,코  오리엔탈정공,사업보고서 (2011.12),오리엔탈정공,2012.03.30,연,00141608,20120330001480
1592,기  아시아퍼시픽8호선박투자회사,사업보고서 (2011.12),아시아퍼시픽8호선박투자회사,2012.03.30,연,00510534,20120330001480
1593,코  이화전기,사업보고서 (2011.12),이화전기,2012.03.30,연,00145738,20120330001480
1594,기  아시아퍼시픽7호선박투자회사,사업보고서 (2011.12),아시아퍼시픽7호선박투자회사,2012.03.30,연,00512532,20120330001480
1595,코  누리플렉스,사업보고서 (2011.12),누리플렉스,2012.03.30,연,00269889,20120330001480
1596,유  대한제강,사업보고서 (2011.12),대한제강,2012.03.30,정연,00113225,20120330001480
1597,기  소리바다,사업보고서 (2011.12),소리바다,2012.03.30,연,00352718,20120330001480
1598,기  아시아퍼시픽6호선박투자회사,사업보고서 (2011.12),아시아퍼시픽6호선박투자회사,2012.03.30,연,00512541,20120330001480
1599,코  ES큐브  IR,사업보고서 (2011.12),ES큐브,2012.03.30,연,00175623,20120330001480
1600,코  국영지앤엠,사업보고서 (2011.12),국영지앤엠,2012.03.30,,00104537,20120330001480
1601,코  남화토건,사업보고서 (2011.12),남화토건,2012.03.30,정연,00108001,20120330001278
1602,기  아시아퍼시픽5호선박투자회사,사업보고서 (2011.12),아시아퍼시픽5호선박투자회사,2012.03.30,연,00512550,20120330001278
1603,기  한라시멘트,사업보고서 (2011.12),한라시멘트,2012.03.30,,00257219,20120330001278
1604,코  이엠코리아,사업보고서 (2011.12),이엠코리아,2012.03.30,연,00526951,20120330001278
1605,코  에스앤에스텍,사업보고서 (2011.12),에스앤에스텍,2012.03.30,연,00411048,20120330001278
1606,코  선광,사업보고서 (2011.12),선광,2012.03.30,연,00131896,20120330001278
1607,코  키이스트,사업보고서 (2011.12),키이스트,2012.03.30,,00353762,20120330001278
1608,유  송원산업,사업보고서 (2011.12),송원산업,2012.03.30,연,00134963,20120330001278
1609,기  아시아퍼시픽4호선박투자회사,사업보고서 (2011.12),아시아퍼시픽4호선박투자회사,2012.03.30,연,00505569,20120330001278
1610,기  한화갤러리아,사업보고서 (2011.12),한화갤러리아,2012.03.30,연,00162364,20120330001278
1611,기  선팩테크,사업보고서 (2011.12),선팩테크,2012.03.30,,00299376,20120330001278
1612,코  우리넷,사업보고서 (2011.12),우리넷,2012.03.30,정,00664048,20120330001278
1613,코  서울전자통신,사업보고서 (2011.12),서울전자통신,2012.03.30,연,00130587,20120330001278
1614,코  서산,사업보고서 (2011.12),서산,2012.03.30,연,00130408,20120330001278
1615,코  아이윈,사업보고서 (2011.12),아이윈,2012.03.30,연,00365624,20120330001278
1616,기  아시아퍼시픽3호선박투자회사,사업보고서 (2011.12),아시아퍼시픽3호선박투자회사,2012.03.30,연,00505550,20120330001278
1617,코  CNT85,사업보고서 (2011.12),CNT85,2012.03.30,연,00318662,20120330001278
1618,코  원풍물산,사업보고서 (2011.12),원풍물산,2012.03.30,,00144021,20120330001278
1619,코  흥국,사업보고서 (2011.12),흥국,2012.03.30,정연,00167031,20120330001278
1620,기  아시아퍼시픽2호선박투자회사,사업보고서 (2011.12),아시아퍼시픽2호선박투자회사,2012.03.30,연,00505541,20120330001278
1621,기  데코앤에프,사업보고서 (2011.12),데코앤에프,2012.03.30,연,00112819,20120330001278
1622,유  SJG세종,사업보고서 (2011.12),SJG세종,2012.03.30,연,00134510,20120330001278
1623,기  케이엑스넥스지,사업보고서 (2011.12),케이엑스넥스지,2012.03.30,,00584362,20120330001278
1624,기  아시아퍼시픽1호선박투자회사,사업보고서 (2011.12),아시아퍼시픽1호선박투자회사,2012.03.30,연,00502793,20120330001278
1625,기  코캄,사업보고서 (2011.12),코캄,2012.03.30,정,00299677,20120330001278
1626,유  조일알미늄,사업보고서 (2011.12),조일알미늄,2012.03.30,,00149239,20120330001278
1627,코  다날,사업보고서 (2011.12),다날,2012.03.30,정연,00389970,20120330001278
1628,코  멀티캠퍼스,사업보고서 (2011.12),멀티캠퍼스,2012.03.30,,00425351,20120330001278
1629,유  한국석유공업,사업보고서 (2011.12),한국석유공업,2012.03.30,연,00157991,20120330001278
1630,기  녹원씨엔아이,사업보고서 (2011.12),녹원씨엔아이,2012.03.30,연,00393469,20120330001278
1631,유  남광토건,사업보고서 (2011.12),남광토건,2012.03.30,연,00107066,20120330001278
1632,코  엠투엔,사업보고서 (2011.12),엠투엔,2012.03.30,,00143226,20120330001278
1633,기  한길,사업보고서 (2011.12),한길,2012.03.30,,00411844,20120330001278
1634,기  LS전선,사업보고서 (2011.12),LS전선,2012.03.30,연,00683283,20120330001278
1635,유  현대로템,사업보고서 (2011.12),현대로템,2012.03.30,연,00302926,20120330001278
1636,유  엔케이,사업보고서 (2011.12),엔케이,2012.03.30,연,00172228,20120330001278
1637,유  황금에스티,사업보고서 (2011.12),황금에스티,2012.03.30,연,00218575,20120330001278
1638,유  메타케어,사업보고서 (2011.12),메타케어,2012.03.30,,00791209,20120330001278
1639,코  신원종합개발,사업보고서 (2011.12),신원종합개발,2012.03.30,,00136925,20120330001278
1640,코  뉴보텍,사업보고서 (2011.12),뉴보텍,2012.03.30,,00351375,20120330001278
1641,코  엠에스오토텍,사업보고서 (2011.12),엠에스오토텍,2012.03.30,연,00259545,20120330001278
1642,유  HL홀딩스,사업보고서 (2011.12),HL홀딩스,2012.03.30,연,00299002,20120330001278
1643,기  쌍용씨앤이,사업보고서 (2011.12),쌍용씨앤이,2012.03.30,정연,00138224,20120330001278
1644,코  SM Life Design,사업보고서 (2011.12),SM Life Design,2012.03.30,,00367604,20120330001278
1645,코  중앙첨단소재,사업보고서 (2011.12),중앙첨단소재,2012.03.30,연,00347716,20120330001278
1646,기  녹십자셀,사업보고서 (2011.12),녹십자셀,2012.03.30,연,00198378,20120330001278
1647,기  렉스필드컨트리클럽,사업보고서 (2011.12),렉스필드컨트리클럽,2012.03.30,연,00476939,20120330001278
1648,유  넥센,사업보고서 (2011.12),넥센,2012.03.30,연,00167192,20120330001278
1649,유  태양금속공업,사업보고서 (2011.12),태양금속공업,2012.03.30,연,00153755,20120330001278
1650,코  바텍  IR,사업보고서 (2011.12),바텍,2012.03.30,연,00264255,20120330001278
1651,코  YBM넷,사업보고서 (2011.12),YBM넷,2012.03.30,연,00307222,20120330001278
1652,기  글로스텍,사업보고서 (2011.12),글로스텍,2012.03.30,연,00102645,20120330001278
1653,유  DL,사업보고서 (2011.12),DL,2012.03.30,연,00109693,20120330001278
1654,기  프리젠,사업보고서 (2011.12),프리젠,2012.03.30,,00353230,20120330001278
1655,코  유니크,사업보고서 (2011.12),유니크,2012.03.30,연,00147152,20120330001278
1656,코  메디톡스,사업보고서 (2011.12),메디톡스,2012.03.30,,00580199,20120330001278
1657,코  코디,사업보고서 (2011.12),코디,2012.03.30,,00308559,20120330001278
1658,기  다함이텍,사업보고서 (2011.12),다함이텍,2012.03.30,연,00130046,20120330001278
1659,코  신화인터텍,사업보고서 (2011.12),신화인터텍,2012.03.30,정연,00228350,20120330001278
1660,코  리드코프,사업보고서 (2011.12),리드코프,2012.03.30,연,00117708,20120330001278
1661,기  휴스토리,사업보고서 (2011.12),휴스토리,2012.03.30,연,00263140,20120330001278
1662,코  엔시트론,사업보고서 (2011.12),엔시트론,2012.03.30,연,00641393,20120330001278
1663,기  한솔아트원제지,사업보고서 (2011.12),한솔아트원제지,2012.03.30,,00137702,20120330001278
1664,코  도이치모터스,사업보고서 (2011.12),도이치모터스,2012.03.30,연,00449379,20120330001278
1665,코  파라텍,사업보고서 (2011.12),파라텍,2012.03.30,연,00105138,20120330001278
1666,기  갤럭시게이트,사업보고서 (2011.12),갤럭시게이트,2012.03.30,,00334040,20120330001278
1667,기  두산캐피탈,사업보고서 (2011.12),두산캐피탈,2012.03.30,연,00224691,20120330001278
1668,기  태산엘시디,사업보고서 (2011.12),태산엘시디,2012.03.30,연,00255840,20120330001278
1669,코  한일단조,사업보고서 (2011.12),한일단조,2012.03.30,연,00162832,20120330001278
1670,유  한독,사업보고서 (2011.12),한독,2012.03.30,연,00161046,20120330001278
1671,기  경남에너지,사업보고서 (2011.12),경남에너지,2012.03.30,연,00101336,20120330001278
1672,유  영흥,사업보고서 (2011.12),영흥,2012.03.30,연,00141477,20120330001278
1673,코  오리엔트정공,사업보고서 (2011.12),오리엔트정공,2012.03.30,,00300405,20120330001278
1674,코  대원산업,사업보고서 (2011.12),대원산업,2012.03.30,연,00111874,20120330001278
1675,코  이엠앤아이,사업보고서 (2011.12),이엠앤아이,2012.03.30,연,00475718,20120330001278
1676,코  우리산업홀딩스,사업보고서 (2011.12),우리산업홀딩스,2012.03.30,정연,00359623,20120330001278
1677,코  에프앤가이드,사업보고서 (2011.12),에프앤가이드,2012.03.30,,00331016,20120330001278
1678,유  휴스틸,사업보고서 (2011.12),휴스틸,2012.03.30,정연,00156488,20120330001278
1679,유  KTis,사업보고서 (2011.12),KTis,2012.03.30,,00372873,20120330001278
1680,유  한솔홀딩스,사업보고서 (2011.12),한솔홀딩스,2012.03.30,연,00171636,20120330001278
1681,유  대한항공,사업보고서 (2011.12),대한항공,2012.03.30,연,00113526,20120330001278
1682,코  대동금속,사업보고서 (2011.12),대동금속,2012.03.30,,00191287,20120330001278
1683,유  이스타코,사업보고서 (2011.12),이스타코,2012.03.30,,00134565,20120330001278
1684,코  코오롱생명과학,사업보고서 (2011.12),코오롱생명과학,2012.03.30,,00525642,20120330001278
1685,코  제일바이오,사업보고서 (2011.12),제일바이오,2012.03.30,,00185505,20120330001278
1686,코  텔레칩스,사업보고서 (2011.12),텔레칩스,2012.03.30,정,00423177,20120330001278
1687,코  인텍플러스,사업보고서 (2011.12),인텍플러스,2012.03.30,,00479787,20120330001278
1688,기  스틸플라워,사업보고서 (2011.12),스틸플라워,2012.03.30,연,00454265,20120330001278
1689,코  NHN KCP,사업보고서 (2011.12),NHN KCP,2012.03.30,연,00357740,20120330001278
1690,기  SK에너지,사업보고서 (2011.12),SK에너지,2012.03.30,연,00852175,20120330001278
1691,코  삼보산업,사업보고서 (2011.12),삼보산업,2012.03.30,,00125822,20120330001278
1692,코  금화피에스시,사업보고서 (2011.12),금화피에스시,2012.03.30,,00176516,20120330001278
1693,코  동아엘텍,사업보고서 (2011.12),동아엘텍,2012.03.30,연,00489243,20120330001278
1694,코  빅솔론,사업보고서 (2011.12),빅솔론,2012.03.30,정연,00478900,20120330001278
1695,기  전주원파워,사업보고서 (2011.12),전주원파워,2012.03.30,,00281623,20120330001278
1696,코  재영솔루텍,사업보고서 (2011.12),재영솔루텍,2012.03.30,연,00147082,20120330001278
1697,유  신풍제약,사업보고서 (2011.12),신풍제약,2012.03.30,연,00137359,20120330001278
1698,기  우방,사업보고서 (2011.12),우방,2012.03.30,,00759902,20120330001278
1699,코  에이스테크,사업보고서 (2011.12),에이스테크,2012.03.30,연,00556907,20120330001278
1700,코  에스아이리소스,사업보고서 (2011.12),에스아이리소스,2012.03.30,정연,00120906,20120330001278
1701,유  세이브존I&C,사업보고서 (2011.12),세이브존I&C,2012.03.30,연,00422895,20120330001104
1702,코  이녹스,사업보고서 (2011.12),이녹스,2012.03.30,연,00494476,20120330001104
1703,유  비상교육  IR,사업보고서 (2011.12),비상교육,2012.03.30,연,00520887,20120330001104
1704,코  금강철강,사업보고서 (2011.12),금강철강,2012.03.30,연,00105475,20120330001104
1705,유  영화금속,사업보고서 (2011.12),영화금속,2012.03.30,연,00141413,20120330001104
1706,유  오뚜기,사업보고서 (2011.12),오뚜기,2012.03.30,연,00141529,20120330001104
1707,코  아나패스,사업보고서 (2011.12),아나패스,2012.03.30,,00761952,20120330001104
1708,유  케이티앤지,사업보고서 (2011.12),케이티앤지,2012.03.30,정연,00244455,20120330001104
1709,코  삼진,사업보고서 (2011.12),삼진,2012.03.30,연,00173351,20120330001104
1710,유  휴니드테크놀러지스,사업보고서 (2011.12),휴니드테크놀러지스,2012.03.30,,00111421,20120330001104
1711,코  아이크래프트,사업보고서 (2011.12),아이크래프트,2012.03.30,,00405719,20120330001104
1712,기  에스와이코퍼레이션,사업보고서 (2011.12),에스와이코퍼레이션,2012.03.30,연,00126885,20120330001104
1713,코  제일테크노스,사업보고서 (2011.12),제일테크노스,2012.03.30,연,00148595,20120330001104
1714,유  미래산업,사업보고서 (2011.12),미래산업,2012.03.30,연,00197759,20120330001104
1715,코  옵티시스,사업보고서 (2011.12),옵티시스,2012.03.30,,00660291,20120330001104
1716,기  에스케이렌터카,사업보고서 (2011.12),에스케이렌터카,2012.03.30,연,00201450,20120330001104
1717,코  엠에스씨,사업보고서 (2011.12),엠에스씨,2012.03.30,정연,00121154,20120330001104
1718,유  화승코퍼레이션,사업보고서 (2011.12),화승코퍼레이션,2012.03.30,연,00166272,20120330001104
1719,기  알베코,사업보고서 (2011.12),알베코,2012.03.30,,00796675,20120330001104
1720,기  티엘아이,사업보고서 (2011.12),티엘아이,2012.03.30,연,00261887,20120330001104
1721,유  삼원강재,사업보고서 (2011.12),삼원강재,2012.03.30,,00191588,20120330001104
1722,유  케이티스카이라이프,사업보고서 (2011.12),케이티스카이라이프,2012.03.30,정연,00349097,20120330001104
1723,유  광명전기  IR,사업보고서 (2011.12),광명전기,2012.03.30,연,00103662,20120330001104
1724,유  써니전자,사업보고서 (2011.12),써니전자,2012.03.30,연,00138057,20120330001104
1725,코  케이피엠테크,사업보고서 (2011.12),케이피엠테크,2012.03.30,정연,00206686,20120330001104
1726,유  보해양조,사업보고서 (2011.12),보해양조,2012.03.30,정연,00123541,20120330001104
1727,유  DRB동일,사업보고서 (2011.12),DRB동일,2012.03.30,연,00118266,20120330001104
1728,유  제일연마,사업보고서 (2011.12),제일연마,2012.03.30,연,00148461,20120330001104
1729,유  NI스틸,사업보고서 (2011.12),NI스틸,2012.03.30,,00116301,20120330001104
1730,코  삼천리자전거,사업보고서 (2011.12),삼천리자전거,2012.03.30,,00128607,20120330001104
1731,코  인트론바이오,사업보고서 (2011.12),인트론바이오,2012.03.30,,00292434,20120330001104
1732,코  알톤,사업보고서 (2011.12),알톤,2012.03.30,정연,00821607,20120330001104
1733,코  고영,사업보고서 (2011.12),고영,2012.03.30,정연,00579999,20120330001104
1734,유  대호에이엘,사업보고서 (2011.12),대호에이엘,2012.03.30,정연,00428729,20120330001104
1735,유  퍼시스,사업보고서 (2011.12),퍼시스,2012.03.30,연,00161709,20120330001104
1736,코  엘컴텍,사업보고서 (2011.12),엘컴텍,2012.03.30,연,00242712,20120330001104
1737,기  아이디에이치,사업보고서 (2011.12),아이디에이치,2012.03.30,,00113632,20120330001104
1738,유  현대제철,사업보고서 (2011.12),현대제철,2012.03.30,연,00145880,20120330001104
1739,유  상신브레이크,사업보고서 (2011.12),상신브레이크,2012.03.30,연,00129642,20120330001104
1740,기  경기도시공사,사업보고서 (2011.12),경기도시공사,2012.03.30,,00858373,20120330001104
1741,기  대농,사업보고서 (2011.12),대농,2012.03.30,,00109107,20120330001104
1742,기  웅진에너지,사업보고서 (2011.12),웅진에너지,2012.03.30,,00609485,20120330001104
1743,기  쌍용건설,사업보고서 (2011.12),쌍용건설,2012.03.30,연,00138206,20120330001104
1744,코  스타코링크,사업보고서 (2011.12),스타코링크,2012.03.30,정연,00373571,20120330001104
1745,유  문배철강,사업보고서 (2011.12),문배철강,2012.03.30,,00121570,20120330001104
1746,기  넥상스코리아,사업보고서 (2011.12),넥상스코리아,2012.03.30,연,00110547,20120330001104
1747,기  서울주택도시공사,사업보고서 (2011.12),서울주택도시공사,2012.03.30,,00858744,20120330001104
1748,코  조이시티,사업보고서 (2011.12),조이시티,2012.03.30,연,00397252,20120330001104
1749,기  포스코엔지니어링,사업보고서 (2011.12),포스코엔지니어링,2012.03.30,연,00111643,20120330001104
1750,코  제이엠아이,사업보고서 (2011.12),제이엠아이,2012.03.30,연,00222435,20120330001104
1751,기  썬테크놀로지스,사업보고서 (2011.12),썬테크놀로지스,2012.03.30,,00527880,20120330001104
1752,유  샘표,사업보고서 (2011.12),샘표,2012.03.30,연,00130091,20120330001104
1753,유  KG모빌리티,사업보고서 (2011.12),KG모빌리티,2012.03.30,연,00138242,20120330001104
1754,코  아모텍,사업보고서 (2011.12),아모텍,2012.03.30,연,00298447,20120330001104
1755,코  성우전자,사업보고서 (2011.12),성우전자,2012.03.30,연,00364306,20120330001104
1756,유  디와이,사업보고서 (2011.12),디와이,2012.03.30,연,00117179,20120330001104
1757,기  애큐온캐피탈,사업보고서 (2011.12),애큐온캐피탈,2012.03.30,연,00595012,20120330001104
1758,유  코웨이  IR,사업보고서 (2011.12),코웨이,2012.03.30,연,00170558,20120330001104
1759,유  삼진제약,사업보고서 (2011.12),삼진제약,2012.03.30,,00128412,20120330001104
1760,코  휴림로봇,사업보고서 (2011.12),휴림로봇,2012.03.30,연,00540429,20120330001104
1761,코  코다코,사업보고서 (2011.12),코다코,2012.03.30,,00295857,20120330001104
1762,코  한컴위드,사업보고서 (2011.12),한컴위드,2012.03.30,연,00363592,20120330001104
1763,기  트레이스,사업보고서 (2011.12),트레이스,2012.03.30,정연,00348177,20120330001104
1764,코  신일제약,사업보고서 (2011.12),신일제약,2012.03.30,,00137058,20120330001104
1765,코  세보엠이씨,사업보고서 (2011.12),세보엠이씨,2012.03.30,연,00133876,20120330001104
1766,기  바오스,사업보고서 (2011.12),바오스,2012.03.30,연,00670243,20120330001104
1767,코  쏠리드,사업보고서 (2011.12),쏠리드,2012.03.30,연,00364403,20120330001104
1768,유  성문전자,사업보고서 (2011.12),성문전자,2012.03.30,연,00132628,20120330001104
1769,유  SGC에너지,사업보고서 (2011.12),SGC에너지,2012.03.30,,00125150,20120330001104
1770,유  대림비앤코,사업보고서 (2011.12),대림비앤코,2012.03.30,연,00109754,20120330001104
1771,유  화천기계,사업보고서 (2011.12),화천기계,2012.03.30,,00166500,20120330001104
1772,기  닉스테크,사업보고서 (2011.12),닉스테크,2012.03.30,,00359030,20120330001104
1773,코  YW,사업보고서 (2011.12),YW,2012.03.30,연,00296263,20120330001104
1774,코  큐렉소,사업보고서 (2011.12),큐렉소,2012.03.30,정연,00356802,20120330001104
1775,코  한국선재,사업보고서 (2011.12),한국선재,2012.03.30,,00158015,20120330001104
1776,코  동국S&C,사업보고서 (2011.12),동국S&C,2012.03.30,연,00415594,20120330001104
1777,유  한농화성,사업보고서 (2011.12),한농화성,2012.03.30,,00160861,20120330001104
1778,유  한세엠케이,사업보고서 (2011.12),한세엠케이,2012.03.30,정연,00357360,20120330001104
1779,유  TYM  IR,사업보고서 (2011.12),TYM,2012.03.30,연,00117230,20120330001104
1780,기  이수건설,사업보고서 (2011.12),이수건설,2012.03.30,,00115144,20120330001104
1781,유  한국토지신탁,사업보고서 (2011.12),한국토지신탁,2012.03.30,연,00233653,20120330001104
1782,기  티엔아이,사업보고서 (2011.12),티엔아이,2012.03.30,,00397243,20120330001104
1783,코  에코볼트,사업보고서 (2011.12),에코볼트,2012.03.30,연,00562360,20120330001104
1784,유  세아제강지주,사업보고서 (2011.12),세아제강지주,2012.03.30,정연,00124197,20120330001104
1785,기  금강제강,사업보고서 (2011.12),금강제강,2012.03.30,정연,00579379,20120330001104
1786,유  에이프로젠,사업보고서 (2011.12),에이프로젠,2012.03.30,정연,00152385,20120330001104
1787,기  동아출판  IR,사업보고서 (2011.12),동아출판,2012.03.30,,00694818,20120330001104
1788,유  한국수출포장공업,사업보고서 (2011.12),한국수출포장공업,2012.03.30,연,00158112,20120330001104
1789,코  제이브이엠,사업보고서 (2011.12),제이브이엠,2012.03.30,,00361381,20120330001104
1790,기  뉴로스,사업보고서 (2011.12),뉴로스,2012.03.30,연,00638539,20120330001104
1791,코  한국가구,사업보고서 (2011.12),한국가구,2012.03.30,연,00156442,20120330001104
1792,코  LS마린솔루션,사업보고서 (2011.12),LS마린솔루션,2012.03.30,,00225742,20120330001104
1793,기  지나인제약,사업보고서 (2011.12),지나인제약,2012.03.30,연,00477257,20120330001104
1794,코  SOOP  IR,사업보고서 (2011.12),SOOP,2012.03.30,연,00399694,20120330001104
1795,유  GKL,사업보고서 (2011.12),GKL,2012.03.30,,00557508,20120330001104
1796,유  에스엠벡셀,사업보고서 (2011.12),에스엠벡셀,2012.03.30,,00147860,20120330001104
1797,코  피에이치에이,사업보고서 (2011.12),피에이치에이,2012.03.30,연,00155151,20120330001104
1798,기  한일건설,사업보고서 (2011.12),한일건설,2012.03.30,연,00162780,20120330001104
1799,코  안국약품,사업보고서 (2011.12),안국약품,2012.03.30,정연,00139205,20120330001104
1800,기  에이치디씨리조트,사업보고서 (2011.12),에이치디씨리조트,2012.03.30,정,00196370,20120330001104
1801,코  알서포트,사업보고서 (2011.12),알서포트,2012.03.30,,00838962,20120330000891
1802,유  삼영무역,사업보고서 (2011.12),삼영무역,2012.03.30,연,00127167,20120330000891
1803,유  한신기계공업,사업보고서 (2011.12),한신기계공업,2012.03.30,연,00162072,20120330000891
1804,코  상보,사업보고서 (2011.12),상보,2012.03.30,정,00129615,20120330000891
1805,유  일진홀딩스,사업보고서 (2011.12),일진홀딩스,2012.03.30,연,00146649,20120330000891
1806,기  골든블루,사업보고서 (2011.12),골든블루,2012.03.30,,00560308,20120330000891
1807,코  정원엔시스,사업보고서 (2011.12),정원엔시스,2012.03.30,,00147772,20120330000891
1808,기  레드로버,사업보고서 (2011.12),레드로버,2012.03.30,,00364795,20120330000891
1809,유  시알홀딩스,사업보고서 (2011.12),시알홀딩스,2012.03.30,연,00148984,20120330000891
1810,코  KH바텍,사업보고서 (2011.12),KH바텍,2012.03.30,연,00378628,20120330000891
1811,기  케이맥,[기재정정]사업보고서 (2011.12),케이맥,2012.03.30,연,00297961,20120330000891
1812,기  클루넷,사업보고서 (2011.12),클루넷,2012.03.30,연,00419989,20120330000891
1813,코  세동,사업보고서 (2011.12),세동,2012.03.30,연,00133663,20120330000891
1814,코  오디텍,사업보고서 (2011.12),오디텍,2012.03.30,연,00529815,20120330000891
1815,유  동방아그로,사업보고서 (2011.12),동방아그로,2012.03.30,연,00115384,20120330000891
1816,코  케이씨티,사업보고서 (2011.12),케이씨티,2012.03.30,,00441447,20120330000891
1817,유  KG케미칼,사업보고서 (2011.12),KG케미칼,2012.03.30,정연,00101220,20120330000891
1818,기  에이팸,사업보고서 (2011.12),에이팸,2012.03.30,연,00235147,20120330000891
1819,코  유비쿼스홀딩스,사업보고서 (2011.12),유비쿼스홀딩스,2012.03.30,연,00411385,20120330000891
1820,유  삼성제약,사업보고서 (2011.12),삼성제약,2012.03.30,,00126414,20120330000891
1821,기  한솔교육,사업보고서 (2011.12),한솔교육,2012.03.30,연,00246301,20120330000891
1822,코  우주일렉트로,사업보고서 (2011.12),우주일렉트로,2012.03.30,연,00390903,20120330000891
1823,기  조은시스템,사업보고서 (2011.12),조은시스템,2012.03.30,,00373650,20120330000891
1824,기  신한카드,사업보고서 (2011.12),신한카드,2012.03.30,연,00307897,20120330000891
1825,코  테스,사업보고서 (2011.12),테스,2012.03.30,정,00524421,20120330000891
1826,코  한국정밀기계,사업보고서 (2011.12),한국정밀기계,2012.03.30,,00257732,20120330000891
1827,코  클라우드에어,사업보고서 (2011.12),클라우드에어,2012.03.30,,00232821,20120330000891
1828,유  동국홀딩스,사업보고서 (2011.12),동국홀딩스,2012.03.30,연,00114792,20120330000891
1829,유  제이준코스메틱,사업보고서 (2011.12),제이준코스메틱,2012.03.30,,00136776,20120330000891
1830,유  LG전자  IR,사업보고서 (2011.12),LG전자,2012.03.30,연,00401731,20120330000891
1831,기  아이비케이캐피탈,사업보고서 (2011.12),아이비케이캐피탈,2012.03.30,연,00275251,20120330000891
1832,유  SG세계물산,사업보고서 (2011.12),SG세계물산,2012.03.30,연,00133511,20120330000891
1833,기  코크렙제15호기업구조조정부동산투자회사,사업보고서 (2011.12),코크렙제15호기업구조조정부동산투자회사,2012.03.30,,00788807,20120330000891
1834,기  씨앤에이치캐피탈,사업보고서 (2011.12),씨앤에이치캐피탈,2012.03.30,,00792484,20120330000891
1835,기  두원중공업,사업보고서 (2011.12),두원중공업,2012.03.30,연,00119724,20120330000891
1836,코  바이오니아  IR,사업보고서 (2011.12),바이오니아,2012.03.30,연,00326731,20120330000891
1837,코  투비소프트,사업보고서 (2011.12),투비소프트,2012.03.30,,00596260,20120330000891
1838,유  신흥,사업보고서 (2011.12),신흥,2012.03.30,연,00173795,20120330000891
1839,코  대주산업,사업보고서 (2011.12),대주산업,2012.03.30,정연,00112457,20120330000891
1840,유  화천기공,사업보고서 (2011.12),화천기공,2012.03.30,연,00166519,20120330000891
1841,코  버킷스튜디오,사업보고서 (2011.12),버킷스튜디오,2012.03.30,,00378220,20120330000891
1842,유  금양,사업보고서 (2011.12),금양,2012.03.30,연,00106119,20120330000891
1843,기  우경,사업보고서 (2011.12),우경,2012.03.30,연,00183914,20120330000891
1844,코  세진티에스,사업보고서 (2011.12),세진티에스,2012.03.30,정연,00406727,20120330000891
1845,유  SK이노베이션,사업보고서 (2011.12),SK이노베이션,2012.03.30,연,00631518,20120330000891
1846,기  렉스엘이앤지,사업보고서 (2011.12),렉스엘이앤지,2012.03.30,연,00106492,20120330000891
1847,유  아진전자부품,[기재정정]사업보고서 (2011.12),아진전자부품,2012.03.30,정연,00111689,20120330000891
1848,코  글로벌에스엠,사업보고서 (2011.12),글로벌에스엠,2012.03.30,연,00783246,20120330000891
1849,코  삼아제약,사업보고서 (2011.12),삼아제약,2012.03.30,,00126788,20120330000891
1850,코  대주전자재료,사업보고서 (2011.12),대주전자재료,2012.03.30,연,00177816,20120330000891
1851,기  아세아페이퍼텍,사업보고서 (2011.12),아세아페이퍼텍,2012.03.30,연,00149248,20120330000891
1852,기  현대엔지니어링,사업보고서 (2011.12),현대엔지니어링,2012.03.30,연,00349927,20120330000891
1853,기  동아건설산업,사업보고서 (2011.12),동아건설산업,2012.03.30,,00116578,20120330000891
1854,코  이렘,사업보고서 (2011.12),이렘,2012.03.30,,00116426,20120330000891
1855,유  원림,사업보고서 (2011.12),원림,2012.03.30,,00143794,20120330000891
1856,유  일진전기,사업보고서 (2011.12),일진전기,2012.03.30,정연,00683469,20120330000891
1857,코  국순당,사업보고서 (2011.12),국순당,2012.03.30,연,00256715,20120330000891
1858,유  유니온,사업보고서 (2011.12),유니온,2012.03.30,연,00144252,20120330000891
1859,기  삼양엔텍,사업보고서 (2011.12),삼양엔텍,2012.03.30,,00127024,20120330000891
1860,기  케이맥,사업보고서 (2011.12),케이맥,2012.03.30,정연,00297961,20120330000891
1861,코  우리기술,사업보고서 (2011.12),우리기술,2012.03.30,연,00231044,20120330000891
1862,유  HS화성,사업보고서 (2011.12),HS화성,2012.03.30,연,00174527,20120330000891
1863,유  케이탑리츠,사업보고서 (2011.12),케이탑리츠,2012.03.30,,00861076,20120330000891
1864,유  한국특강,사업보고서 (2011.12),한국특강,2012.03.30,,00124090,20120330000891
1865,유  성창기업지주,사업보고서 (2011.12),성창기업지주,2012.03.30,연,00133335,20120330000891
1866,기  에스엠바로코사,사업보고서 (2011.12),에스엠바로코사,2012.03.30,,00496207,20120330000891
1867,코  대륙제관,사업보고서 (2011.12),대륙제관,2012.03.30,,00109587,20120330000891
1868,유  HJ중공업,사업보고서 (2011.12),HJ중공업,2012.03.30,연,00633835,20120330000891
1869,유  한샘,사업보고서 (2011.12),한샘,2012.03.30,연,00161693,20120330000891
1870,코  SGA,사업보고서 (2011.12),SGA,2012.03.30,연,00351579,20120330000891
1871,코  나노캠텍,사업보고서 (2011.12),나노캠텍,2012.03.30,연,00542074,20120330000891
1872,코  포니링크,사업보고서 (2011.12),포니링크,2012.03.30,연,00392691,20120330000891
1873,유  LS네트웍스,사업보고서 (2011.12),LS네트웍스,2012.03.30,정연,00104698,20120330000891
1874,코  폴라리스우노,사업보고서 (2011.12),폴라리스우노,2012.03.30,,00663669,20120330000891
1875,코  에스넷,사업보고서 (2011.12),에스넷,2012.03.30,연,00264635,20120330000891
1876,유  와이투솔루션,사업보고서 (2011.12),와이투솔루션,2012.03.30,연,00144720,20120330000891
1877,기  트레스,사업보고서 (2011.12),트레스,2012.03.30,,00299358,20120330000891
1878,기  해원에스티,사업보고서 (2011.12),해원에스티,2012.03.30,연,00252001,20120330000891
1879,유  케이티,사업보고서 (2011.12),케이티,2012.03.30,연,00190321,20120330000891
1880,기  부산롯데호텔,사업보고서 (2011.12),부산롯데호텔,2012.03.30,,00124212,20120330000891
1881,기  케이엔씨글로벌,사업보고서 (2011.12),케이엔씨글로벌,2012.03.30,정,00394778,20120330000891
1882,기  삼성에스엔에스,사업보고서 (2011.12),삼성에스엔에스,2012.03.30,,00207728,20120330000891
1883,기  지스마트글로벌,사업보고서 (2011.12),지스마트글로벌,2012.03.30,,00673976,20120330000891
1884,코  미래컴퍼니,[기재정정]사업보고서 (2011.12),미래컴퍼니,2012.03.30,정연,00447760,20120330000891
1885,기  씨제이건설,[첨부정정]사업보고서 (2011.12),씨제이건설,2012.03.30,,00222550,20120330000891
1886,유  금호건설,사업보고서 (2011.12),금호건설,2012.03.30,정연,00106313,20120330000891
1887,기  대국,사업보고서 (2011.12),대국,2012.03.30,,00264848,20120330000891
1888,유  KPX홀딩스,사업보고서 (2011.12),KPX홀딩스,2012.03.30,정연,00587466,20120330000891
1889,기  원익테라세미콘,사업보고서 (2011.12),원익테라세미콘,2012.03.30,,00569992,20120330000891
1890,코  제이엠티,사업보고서 (2011.12),제이엠티,2012.03.30,연,00533508,20120330000891
1891,유  태원물산,사업보고서 (2011.12),태원물산,2012.03.30,,00154055,20120330000891
1892,기  범양사,사업보고서 (2011.12),범양사,2012.03.30,,00122728,20120330000891
1893,기  위더스기술금융,사업보고서 (2011.12),위더스기술금융,2012.03.30,,00267809,20120330000891
1894,유  계룡건설산업,사업보고서 (2011.12),계룡건설산업,2012.03.30,연,00102432,20120330000891
1895,코  나이벡,사업보고서 (2011.12),나이벡,2012.03.30,,00767628,20120330000891
1896,유  포스코DX,사업보고서 (2011.12),포스코DX,2012.03.30,연,00155212,20120330000891
1897,유  유니퀘스트,사업보고서 (2011.12),유니퀘스트,2012.03.30,정연,00414601,20120330000891
1898,코  태광,사업보고서 (2011.12),태광,2012.03.30,,00153375,20120330000891
1899,유  대림통상,사업보고서 (2011.12),대림통상,2012.03.30,연,00109824,20120330000891
1900,코  와이솔,사업보고서 (2011.12),와이솔,2012.03.30,연,00759294,20120330000891
1901,유  금강공업,사업보고서 (2011.12),금강공업,2012.03.30,연,00105299,20120330000725
1902,유  남해화학,사업보고서 (2011.12),남해화학,2012.03.30,,00107987,20120330000725
1903,유  일진다이아,사업보고서 (2011.12),일진다이아,2012.03.30,연,00508274,20120330000725
1904,기  씨모텍,사업보고서 (2011.12),씨모텍,2012.03.30,,00582054,20120330000725
1905,코  알에프세미,사업보고서 (2011.12),알에프세미,2012.03.30,연,00516246,20120330000725
1906,기  위다스,사업보고서 (2011.12),위다스,2012.03.30,정연,00351153,20120330000725
1907,기  히든챔피언제1호기업인수목적,사업보고서 (2011.12),히든챔피언제1호기업인수목적,2012.03.30,,00804983,20120330000725
1908,기  에스지신성건설,사업보고서 (2011.12),에스지신성건설,2012.03.30,연,00173661,20120330000725
1909,코  테크윙,사업보고서 (2011.12),테크윙,2012.03.30,,00535676,20120330000725
1910,유  영진약품,사업보고서 (2011.12),영진약품,2012.03.30,,00141149,20120330000725
1911,코  대한뉴팜,사업보고서 (2011.12),대한뉴팜,2012.03.30,,00207375,20120330000725
1912,유  현대글로비스,사업보고서 (2011.12),현대글로비스,2012.03.30,연,00360595,20120330000725
1913,유  성보화학,사업보고서 (2011.12),성보화학,2012.03.30,정,00132725,20120330000725
1914,기  위노바,사업보고서 (2011.12),위노바,2012.03.30,연,00261735,20120330000725
1915,유  부국철강,사업보고서 (2011.12),부국철강,2012.03.30,,00123781,20120330000725
1916,코  동진쎄미켐,사업보고서 (2011.12),동진쎄미켐,2012.03.30,연,00118804,20120330000725
1917,코  웰킵스하이텍,사업보고서 (2011.12),웰킵스하이텍,2012.03.30,정연,00260611,20120330000725
1918,유  DSR제강,사업보고서 (2011.12),DSR제강,2012.03.30,,00151298,20120330000725
1919,기  한국남동발전,사업보고서 (2011.12),한국남동발전,2012.03.30,연,00389013,20120330000725
1920,유  광전자,사업보고서 (2011.12),광전자,2012.03.30,연,00152729,20120330000725
1921,코  이엠넷,사업보고서 (2011.12),이엠넷,2012.03.30,연,00616290,20120330000725
1922,코  케스피온,사업보고서 (2011.12),케스피온,2012.03.30,정연,00479705,20120330000725
1923,코  유비케어,사업보고서 (2011.12),유비케어,2012.03.30,연,00220057,20120330000725
1924,코  KNN,사업보고서 (2011.12),KNN,2012.03.30,연,00208134,20120330000725
1925,코  코엔텍,사업보고서 (2011.12),코엔텍,2012.03.30,연,00197476,20120330000725
1926,유  아진전자부품,사업보고서 (2011.12),아진전자부품,2012.03.30,정연,00111689,20120330000725
1927,유  동원F&B,사업보고서 (2011.12),동원F&B,2012.03.30,정연,00340917,20120330000725
1928,코  골프존뉴딘홀딩스,사업보고서 (2011.12),골프존뉴딘홀딩스,2012.03.30,연,00674498,20120330000725
1929,코  뉴온,사업보고서 (2011.12),뉴온,2012.03.30,,00809429,20120330000725
1930,기  세영디앤씨,사업보고서 (2011.12),세영디앤씨,2012.03.30,,00347877,20120330000725
1931,기  유정메디칼,사업보고서 (2011.12),유정메디칼,2012.03.30,,00268394,20120330000725
1932,기  피엘에이,사업보고서 (2011.12),피엘에이,2012.03.30,연,00496003,20120330000725
1933,유  후성,사업보고서 (2011.12),후성,2012.03.30,정연,00595191,20120330000725
1934,코  SG&G,[첨부정정]사업보고서 (2011.12),SG&G,2012.03.30,연,00264714,20120330000725
1935,기  지유온  IR,사업보고서 (2011.12),지유온,2012.03.30,,00689418,20120330000725
1936,코  아즈텍WB,사업보고서 (2011.12),아즈텍WB,2012.03.30,,00201131,20120330000725
1937,유  한세예스24홀딩스,사업보고서 (2011.12),한세예스24홀딩스,2012.03.30,연,00161976,20120330000725
1938,코  SG&G,사업보고서 (2011.12),SG&G,2012.03.30,정연,00264714,20120330000725
1939,기  씨그널엔터테인먼트그룹,사업보고서 (2011.12),씨그널엔터테인먼트그룹,2012.03.30,,00232496,20120330000725
1940,유  신도리코,사업보고서 (2011.12),신도리코,2012.03.30,연,00135795,20120330000725
1941,코  경남제약,사업보고서 (2011.12),경남제약,2012.03.30,,00307028,20120330000725
1942,기  아발론교육,사업보고서 (2011.12),아발론교육,2012.03.30,연,00666383,20120330000725
1943,코  TJ미디어,사업보고서 (2011.12),TJ미디어,2012.03.30,연,00201733,20120330000725
1944,코  프로텍,사업보고서 (2011.12),프로텍,2012.03.30,,00325112,20120330000725
1945,기  와이즈파워,사업보고서 (2011.12),와이즈파워,2012.03.30,연,00248123,20120330000725
1946,코  에스엠,사업보고서 (2011.12),에스엠,2012.03.30,정연,00260930,20120330000725
1947,코  코위버,사업보고서 (2011.12),코위버,2012.03.30,연,00360674,20120330000725
1948,유  삼성공조,사업보고서 (2011.12),삼성공조,2012.03.30,연,00126201,20120330000725
1949,기  허메스홀딩스,사업보고서 (2011.12),허메스홀딩스,2012.03.30,연,00153551,20120330000725
1950,코  중앙백신,사업보고서 (2011.12),중앙백신,2012.03.30,,00415327,20120330000725
1951,코  제이스코홀딩스,사업보고서 (2011.12),제이스코홀딩스,2012.03.30,,00148531,20120330000725
1952,코  토탈소프트,사업보고서 (2011.12),토탈소프트,2012.03.30,,00355089,20120330000725
1953,유  에스제이엠홀딩스,사업보고서 (2011.12),에스제이엠홀딩스,2012.03.30,연,00181943,20120330000725
1954,코  뉴프렉스,사업보고서 (2011.12),뉴프렉스,2012.03.30,정연,00493510,20120330000725
1955,유  한솔테크닉스,사업보고서 (2011.12),한솔테크닉스,2012.03.30,정연,00157399,20120330000725
1956,유  F&F 홀딩스,사업보고서 (2011.12),F&F 홀딩스,2012.03.30,연,00126487,20120330000725
1957,코  아가방컴퍼니,사업보고서 (2011.12),아가방컴퍼니,2012.03.30,연,00138446,20120330000725
1958,기  귀뚜라미범양냉방,사업보고서 (2011.12),귀뚜라미범양냉방,2012.03.30,,00122700,20120330000725
1959,코  웨이브일렉트로,사업보고서 (2011.12),웨이브일렉트로,2012.03.30,정연,00526696,20120330000725
1960,기  한국애보트진단,사업보고서 (2011.12),한국애보트진단,2012.03.30,연,00317089,20120330000725
1961,유  에스제이엠,사업보고서 (2011.12),에스제이엠,2012.03.30,연,00815369,20120330000725
1962,기  이매진아시아  IR,사업보고서 (2011.12),이매진아시아,2012.03.30,연,00122339,20120330000725
1963,코  리노공업,사업보고서 (2011.12),리노공업,2012.03.30,,00369657,20120330000725
1964,기  디지텍시스템스,사업보고서 (2011.12),디지텍시스템스,2012.03.30,정연,00543231,20120330000725
1965,코  아이즈비전,사업보고서 (2011.12),아이즈비전,2012.03.30,연,00200910,20120330000725
1966,유  유성기업,사업보고서 (2011.12),유성기업,2012.03.30,연,00174004,20120330000725
1967,코  삼륭물산,사업보고서 (2011.12),삼륭물산,2012.03.30,연,00125488,20120330000725
1968,코  미래컴퍼니,사업보고서 (2011.12),미래컴퍼니,2012.03.30,정연,00447760,20120330000725
1969,기  김포도시공사,사업보고서 (2011.12),김포도시공사,2012.03.30,,00849898,20120330000725
1970,코  넥스턴바이오,사업보고서 (2011.12),넥스턴바이오,2012.03.30,,00416414,20120330000725
1971,코  에프알텍,사업보고서 (2011.12),에프알텍,2012.03.30,,00442561,20120330000725
1972,기  루트로닉,사업보고서 (2011.12),루트로닉,2012.03.30,연,00549925,20120330000725
1973,유  삼양홀딩스,사업보고서 (2011.12),삼양홀딩스,2012.03.30,연,00126937,20120330000725
1974,코  KH 미래물산,사업보고서 (2011.12),KH 미래물산,2012.03.30,연,00125965,20120330000725
1975,기  카카오엠,사업보고서 (2011.12),카카오엠,2012.03.30,,00130949,20120330000725
1976,유  텔코웨어,사업보고서 (2011.12),텔코웨어,2012.03.30,연,00361488,20120330000725
1977,코  원일특강,사업보고서 (2011.12),원일특강,2012.03.30,연,00143907,20120330000725
1978,코  코메론,사업보고서 (2011.12),코메론,2012.03.30,정연,00152783,20120330000725
1979,코  플레이위드,사업보고서 (2011.12),플레이위드,2012.03.30,연,00138367,20120330000725
1980,기  대선조선,사업보고서 (2011.12),대선조선,2012.03.30,,00110307,20120330000725
1981,유  TP,사업보고서 (2011.12),TP,2012.03.30,연,00154329,20120330000725
1982,기  엘트온,사업보고서 (2011.12),엘트온,2012.03.30,,00140919,20120330000725
1983,기  에스비아이앤솔로몬드림기업인수목적,사업보고서 (2011.12),에스비아이앤솔로몬드림기업인수목적,2012.03.30,,00812229,20120330000725
1984,유  진양화학,사업보고서 (2011.12),진양화학,2012.03.30,,00347734,20120330000725
1985,코  에코바이오,사업보고서 (2011.12),에코바이오,2012.03.30,연,00287812,20120330000725
1986,코  안랩,사업보고서 (2011.12),안랩,2012.03.30,연,00298270,20120330000725
1987,기  하스코  IR,사업보고서 (2011.12),하스코,2012.03.30,,00116806,20120330000725
1988,코  네오팜,사업보고서 (2011.12),네오팜,2012.03.30,,00551920,20120330000725
1989,코  KD,사업보고서 (2011.12),KD,2012.03.30,연,00111218,20120330000725
1990,코  제이씨현시스템,사업보고서 (2011.12),제이씨현시스템,2012.03.30,연,00223513,20120330000725
1991,기  에스피반도체통신,사업보고서 (2011.12),에스피반도체통신,2012.03.30,,00263168,20120330000725
1992,코  비엠티,사업보고서 (2011.12),비엠티,2012.03.30,연,00524786,20120330000725
1993,코  한국전자인증,사업보고서 (2011.12),한국전자인증,2012.03.30,,00361169,20120330000725
1994,유  보락,사업보고서 (2011.12),보락,2012.03.30,,00123107,20120330000725
1995,코  한탑,사업보고서 (2011.12),한탑,2012.03.30,연,00140566,20120330000725
1996,코  푸른소나무,사업보고서 (2011.12),푸른소나무,2012.03.30,정연,00410739,20120330000725
1997,기  부산도시공사,사업보고서 (2011.12),부산도시공사,2012.03.30,,00855437,20120330000725
1998,기  삼미,사업보고서 (2011.12),삼미,2012.03.30,,00125655,20120330000725
1999,코  월덱스,사업보고서 (2011.12),월덱스,2012.03.30,정연,00580065,20120330000725
2000,기  지에스엔텍,사업보고서 (2011.12),지에스엔텍,2012.03.30,,00248053,20120330000725
2001,유  대한유화,사업보고서 (2011.12),대한유화,2012.03.30,정연,00260383,20120330000451
2002,유  넥센타이어,사업보고서 (2011.12),넥센타이어,2012.03.30,연,00173874,20120330000451
2003,유  경인양행,사업보고서 (2011.12),경인양행,2012.03.30,연,00102113,20120330000451
2004,코  디오,사업보고서 (2011.12),디오,2012.03.30,연,00115931,20120330000451
2005,유  온타이드,사업보고서 (2011.12),온타이드,2012.03.30,연,00168331,20120330000451
2006,기  월드웨이,사업보고서 (2011.12),월드웨이,2012.03.30,,00405597,20120330000451
2007,기  한화갤러리아타임월드,사업보고서 (2011.12),한화갤러리아타임월드,2012.03.30,,00117258,20120330000451
2008,기  OCI스페셜티,사업보고서 (2011.12),OCI스페셜티,2012.03.30,,00779845,20120330000451
2009,유  현대리바트,사업보고서 (2011.12),현대리바트,2012.03.30,연,00300548,20120330000451
2010,코  이상네트웍스,사업보고서 (2011.12),이상네트웍스,2012.03.30,연,00454399,20120330000451
2011,유  LX세미콘  IR,사업보고서 (2011.12),LX세미콘,2012.03.30,연,00525934,20120330000451
2012,코  아이에이,사업보고서 (2011.12),아이에이,2012.03.30,정연,00252269,20120330000451
2013,기  마이스코,사업보고서 (2011.12),마이스코,2012.03.30,,00450214,20120330000451
2014,유  신풍,사업보고서 (2011.12),신풍,2012.03.30,연,00137368,20120330000451
2015,유  영보화학,사업보고서 (2011.12),영보화학,2012.03.30,연,00140779,20120330000451
2016,코  DMS,사업보고서 (2011.12),DMS,2012.03.30,정연,00361594,20120330000451
2017,코  서린바이오,사업보고서 (2011.12),서린바이오,2012.03.30,,00373447,20120330000451
2018,유  화승인더스트리,사업보고서 (2011.12),화승인더스트리,2012.03.30,연,00166227,20120330000451
2019,코  동국제약,사업보고서 (2011.12),동국제약,2012.03.30,,00114808,20120330000451
2020,코  경창산업,사업보고서 (2011.12),경창산업,2012.03.30,연,00102353,20120330000451
2021,코  현대에이치티,사업보고서 (2011.12),현대에이치티,2012.03.30,연,00255044,20120330000451
2022,기  코너스톤네트웍스,사업보고서 (2011.12),코너스톤네트웍스,2012.03.30,정연,00194275,20120330000451
2023,기  한진피앤씨,사업보고서 (2011.12),한진피앤씨,2012.03.30,연,00163619,20120330000451
2024,유  백광산업,사업보고서 (2011.12),백광산업,2012.03.30,연,00122472,20120330000451
2025,코  인탑스,사업보고서 (2011.12),인탑스,2012.03.30,연,00226866,20120330000451
2026,코  엔에스이엔엠,사업보고서 (2011.12),엔에스이엔엠,2012.03.30,,00543204,20120330000451
2027,기  폴루스바이오팜,사업보고서 (2011.12),폴루스바이오팜,2012.03.30,,00167280,20120330000451
2028,코  인지소프트,사업보고서 (2011.12),인지소프트,2012.03.30,,00641171,20120330000451
2029,유  성안머티리얼스,사업보고서 (2011.12),성안머티리얼스,2012.03.30,연,00132868,20120330000451
2030,코  PN풍년,사업보고서 (2011.12),PN풍년,2012.03.30,,00133557,20120330000451
2031,기  썬코어,사업보고서 (2011.12),썬코어,2012.03.30,연,00202778,20120330000451
2032,코  서울제약,[기재정정]사업보고서 (2011.12),서울제약,2012.03.30,,00131018,20120330000451
2033,코  풍국주정,사업보고서 (2011.12),풍국주정,2012.03.30,정연,00155452,20120330000451
2034,코  네오리진,사업보고서 (2011.12),네오리진,2012.03.30,연,00599106,20120330000451
2035,코  대동기어,사업보고서 (2011.12),대동기어,2012.03.30,,00109310,20120330000451
2036,기  케이씨더블류,사업보고서 (2011.12),케이씨더블류,2012.03.30,연,00175650,20120330000451
2037,코  하이텍팜,사업보고서 (2011.12),하이텍팜,2012.03.30,,00409964,20120330000451
2038,코  에스피지  IR,사업보고서 (2011.12),에스피지,2012.03.30,정연,00220686,20120330000451
2039,코  성호전자,사업보고서 (2011.12),성호전자,2012.03.30,연,00317210,20120330000451
2040,유  경동인베스트,사업보고서 (2011.12),경동인베스트,2012.03.30,연,00143527,20120330000451
2041,코  와이지엔터테인먼트,사업보고서 (2011.12),와이지엔터테인먼트,2012.03.30,연,00613318,20120330000451
2042,코  와이엔텍,사업보고서 (2011.12),와이엔텍,2012.03.30,,00190756,20120330000451
2043,코  네오티스,사업보고서 (2011.12),네오티스,2012.03.30,,00447928,20120330000451
2044,코  디에이치엑스컴퍼니,사업보고서 (2011.12),디에이치엑스컴퍼니,2012.03.30,연,00180865,20120330000451
2045,기  코원에너지서비스,사업보고서 (2011.12),코원에너지서비스,2012.03.30,정,00112907,20120330000451
2046,기  세메스,사업보고서 (2011.12),세메스,2012.03.30,,00207737,20120330000451
2047,코  한라IMS,사업보고서 (2011.12),한라IMS,2012.03.30,연,00528515,20120330000451
2048,코  톱텍,사업보고서 (2011.12),톱텍,2012.03.30,,00531917,20120330000451
2049,유  일진디스플,사업보고서 (2011.12),일진디스플,2012.03.30,,00198697,20120330000451
2050,기  더존비앤에프  IR,사업보고서 (2011.12),더존비앤에프,2012.03.30,,00693299,20120330000451
2051,코  링네트,사업보고서 (2011.12),링네트,2012.03.30,연,00352499,20120330000451
2052,코  세중,사업보고서 (2011.12),세중,2012.03.30,연,00264671,20120330000451
2053,코  한울소재과학,사업보고서 (2011.12),한울소재과학,2012.03.30,,00560122,20120330000451
2054,유  한국철강,사업보고서 (2011.12),한국철강,2012.03.30,,00687711,20120330000451
2055,유  진양홀딩스,사업보고서 (2011.12),진양홀딩스,2012.03.30,연,00646732,20120330000451
2056,유  디아이씨,사업보고서 (2011.12),디아이씨,2012.03.30,연,00112165,20120330000451
2057,코  미코,사업보고서 (2011.12),미코,2012.03.30,정연,00366942,20120330000451
2058,유  모토닉,사업보고서 (2011.12),모토닉,2012.03.30,연,00151128,20120330000451
2059,유  진양산업,사업보고서 (2011.12),진양산업,2012.03.30,연,00150439,20120330000451
2060,코  한일화학,사업보고서 (2011.12),한일화학,2012.03.30,연,00267979,20120330000451
2061,코  삼진엘앤디,사업보고서 (2011.12),삼진엘앤디,2012.03.30,정연,00239514,20120330000451
2062,기  글로웨이,사업보고서 (2011.12),글로웨이,2012.03.30,연,00146764,20120330000451
2063,코  인터플렉스,사업보고서 (2011.12),인터플렉스,2012.03.30,,00369170,20120330000451
2064,코  형지I&C,사업보고서 (2011.12),형지I&C,2012.03.30,,00142713,20120330000451
2065,유  종근당바이오,사업보고서 (2011.12),종근당바이오,2012.03.30,,00390055,20120330000451
2066,기  강원도개발공사,사업보고서 (2011.12),강원도개발공사,2012.03.30,,00385655,20120330000451
2067,유  미원화학,사업보고서 (2011.12),미원화학,2012.03.30,,00855163,20120330000451
2068,기  대전시티즌,사업보고서 (2011.12),대전시티즌,2012.03.30,,00544018,20120330000451
2069,기  신비앤텍,사업보고서 (2011.12),신비앤텍,2012.03.30,정연,00446479,20120330000451
2070,기  영진코퍼레이션,사업보고서 (2011.12),영진코퍼레이션,2012.03.30,정연,00356158,20120330000451
2071,유  아남전자,사업보고서 (2011.12),아남전자,2012.03.30,연,00138516,20120330000451
2072,기  하나에프앤아이,사업보고서 (2011.12),하나에프앤아이,2012.03.30,,00170442,20120330000451
2073,기  하이디스테크놀로지,사업보고서 (2011.12),하이디스테크놀로지,2012.03.30,정연,00481409,20120330000451
2074,코  신성델타테크,사업보고서 (2011.12),신성델타테크,2012.03.30,연,00136226,20120330000451
2075,코  시그네틱스,사업보고서 (2011.12),시그네틱스,2012.03.30,,00158219,20120330000451
2076,유  아이에이치큐,사업보고서 (2011.12),아이에이치큐,2012.03.30,연,00154426,20120330000451
2077,코  네이처셀,사업보고서 (2011.12),네이처셀,2012.03.30,,00117276,20120330000451
2078,기  무림캐피탈,사업보고서 (2011.12),무림캐피탈,2012.03.30,,00790547,20120330000451
2079,유  한국제지,사업보고서 (2011.12),한국제지,2012.03.30,,00133706,20120330000451
2080,코  이랜텍,사업보고서 (2011.12),이랜텍,2012.03.30,연,00206659,20120330000451
2081,유  대현,사업보고서 (2011.12),대현,2012.03.30,,00113614,20120330000451
2082,유  KISCO홀딩스,사업보고서 (2011.12),KISCO홀딩스,2012.03.30,연,00159740,20120330000451
2083,유  티케이지휴켐스,사업보고서 (2011.12),티케이지휴켐스,2012.03.30,연,00426086,20120330000451
2084,기  보진재,사업보고서 (2011.12),보진재,2012.03.30,,00123514,20120330000451
2085,코  원익QnC,사업보고서 (2011.12),원익QnC,2012.03.30,연,00468374,20120330000451
2086,유  미원홀딩스,사업보고서 (2011.12),미원홀딩스,2012.03.30,연,00706715,20120330000451
2087,유  삼양사,사업보고서 (2011.12),삼양사,2012.03.30,연,00896285,20120330000451
2088,기  위너지스,사업보고서 (2011.12),위너지스,2012.03.30,정연,00207223,20120330000451
2089,유  신원,사업보고서 (2011.12),신원,2012.03.30,정연,00136864,20120330000451
2090,코  나라엠앤디,사업보고서 (2011.12),나라엠앤디,2012.03.30,연,00297095,20120330000451
2091,유  HLB글로벌,사업보고서 (2011.12),HLB글로벌,2012.03.30,연,00169048,20120330000451
2092,유  유엔젤,사업보고서 (2011.12),유엔젤,2012.03.30,연,00416654,20120330000451
2093,기  유니텍,사업보고서 (2011.12),유니텍,2012.03.30,,00273101,20120330000451
2094,코  로체시스템즈,사업보고서 (2011.12),로체시스템즈,2012.03.30,,00363486,20120330000451
2095,기  현대캐피탈,사업보고서 (2011.12),현대캐피탈,2012.03.30,연,00208514,20120330000451
2096,기  한국수력원자력  IR,사업보고서 (2011.12),한국수력원자력,2012.03.30,연,00382001,20120330000451
2097,유  미원상사,사업보고서 (2011.12),미원상사,2012.03.30,연,00121932,20120330000451
2098,코  영풍정밀,사업보고서 (2011.12),영풍정밀,2012.03.30,,00141389,20120330000451
2099,코  에스텍,사업보고서 (2011.12),에스텍,2012.03.30,연,00306719,20120330000451
2100,코  KX하이텍,사업보고서 (2011.12),KX하이텍,2012.03.30,연,00276834,20120330000451
2101,코  에이치케이,[기재정정]사업보고서 (2011.12),에이치케이,2012.03.30,연,00235183,20120330000260
2102,코  광진실업,사업보고서 (2011.12),광진실업,2012.03.30,,00104120,20120330000260
2103,코  코텍,사업보고서 (2011.12),코텍,2012.03.30,,00305297,20120330000260
2104,유  팬오션,사업보고서 (2011.12),팬오션,2012.03.30,정연,00122737,20120330000260
2105,유  이건산업,사업보고서 (2011.12),이건산업,2012.03.30,연,00145446,20120330000260
2106,기  와이즈소프트,사업보고서 (2011.12),와이즈소프트,2012.03.30,,00299817,20120330000260
2107,코  성창오토텍,사업보고서 (2011.12),성창오토텍,2012.03.30,연,00486370,20120330000260
2108,코  제이씨케미칼,사업보고서 (2011.12),제이씨케미칼,2012.03.30,,00664853,20120330000260
2109,유  삼성출판사,사업보고서 (2011.12),삼성출판사,2012.03.30,연,00423690,20120330000260
2110,기  미래엔,사업보고서 (2011.12),미래엔,2012.03.30,연,00112873,20120330000260
2111,코  지에스이,사업보고서 (2011.12),지에스이,2012.03.30,,00351995,20120330000260
2112,코  신라섬유,사업보고서 (2011.12),신라섬유,2012.03.30,,00135999,20120330000260
2113,코  삼지전자,사업보고서 (2011.12),삼지전자,2012.03.30,,00128315,20120330000260
2114,유  휠라홀딩스,사업보고서 (2011.12),휠라홀딩스,2012.03.30,연,00195229,20120330000260
2115,유  한익스프레스,사업보고서 (2011.12),한익스프레스,2012.03.30,연,00129509,20120330000260
2116,기  행남사,사업보고서 (2011.12),행남사,2012.03.30,연,00164362,20120330000260
2117,코  제이에스티나,사업보고서 (2011.12),제이에스티나,2012.03.30,연,00120289,20120330000260
2118,유  한국단자공업,사업보고서 (2011.12),한국단자공업,2012.03.30,연,00157070,20120330000260
2119,코  피씨디렉트,사업보고서 (2011.12),피씨디렉트,2012.03.30,,00297934,20120330000260
2120,코  하츠,사업보고서 (2011.12),하츠,2012.03.30,,00221728,20120330000260
2121,유  S-Oil,사업보고서 (2011.12),S-Oil,2012.03.30,연,00138279,20120330000260
2122,기  커넥트웨이브,사업보고서 (2011.12),커넥트웨이브,2012.03.30,연,00585608,20120330000260
2123,기  아이팩토리,사업보고서 (2011.12),아이팩토리,2012.03.30,연,00351047,20120330000260
2124,기  동문건설,사업보고서 (2011.12),동문건설,2012.03.30,연,00115269,20120330000260
2125,코  이건홀딩스,사업보고서 (2011.12),이건홀딩스,2012.03.30,연,00184889,20120330000260
2126,코  코맥스,사업보고서 (2011.12),코맥스,2012.03.30,정연,00268118,20120330000260
2127,기  하나에스케이카드,사업보고서 (2011.12),하나에스케이카드,2012.03.30,연,00790103,20120330000260
2128,기  에스케이지오센트릭,사업보고서 (2011.12),에스케이지오센트릭,2012.03.30,연,00852078,20120330000260
2129,코  진바이오텍,사업보고서 (2011.12),진바이오텍,2012.03.30,연,00491053,20120330000260
2130,기  인천도시공사,사업보고서 (2011.12),인천도시공사,2012.03.30,,00817738,20120330000260
2131,유  흥아해운,사업보고서 (2011.12),흥아해운,2012.03.30,연,00167208,20120330000260
2132,코  웰크론한텍  IR,사업보고서 (2011.12),웰크론한텍,2012.03.30,정연,00487546,20120330000260
2133,기  에임하이글로벌,사업보고서 (2011.12),에임하이글로벌,2012.03.30,연,00222806,20120330000260
2134,코  이원컴포텍,사업보고서 (2011.12),이원컴포텍,2012.03.30,연,00409140,20120330000260
2135,유  한세실업  IR,사업보고서 (2011.12),한세실업,2012.03.30,연,00728638,20120330000260
2136,기  삼흥,사업보고서 (2011.12),삼흥,2012.03.30,,00135166,20120330000260
2137,기  곰앤컴퍼니,사업보고서 (2011.12),곰앤컴퍼니,2012.03.30,,00438708,20120330000260
2138,코  MDS테크,사업보고서 (2011.12),MDS테크,2012.03.30,연,00445841,20120330000260
2139,코  서울바이오시스,사업보고서 (2011.12),서울바이오시스,2012.03.30,,00488402,20120330000260
2140,기  현대카드  IR,사업보고서 (2011.12),현대카드,2012.03.30,정연,00222374,20120330000260
2141,코  한국경제TV,사업보고서 (2011.12),한국경제TV,2012.03.30,연,00263371,20120330000260
2142,유  삼아알미늄,사업보고서 (2011.12),삼아알미늄,2012.03.30,,00126779,20120330000260
2143,코  티에스이,사업보고서 (2011.12),티에스이,2012.03.30,연,00372226,20120330000260
2144,코  위닉스,사업보고서 (2011.12),위닉스,2012.03.30,연,00293886,20120330000260
2145,기  대한상선,사업보고서 (2011.12),대한상선,2012.03.30,정연,00126061,20120330000260
2146,유  유니드,사업보고서 (2011.12),유니드,2012.03.30,정연,00159786,20120330000260
2147,기  아큐텍,사업보고서 (2011.12),아큐텍,2012.03.30,,00267951,20120330000260
2148,유  NICE,사업보고서 (2011.12),NICE,2012.03.30,연,00158316,20120330000260
2149,코  삼보모터스,사업보고서 (2011.12),삼보모터스,2012.03.30,연,00351092,20120330000260
2150,코  서울제약,사업보고서 (2011.12),서울제약,2012.03.30,정,00131018,20120330000260
2151,코  위메이드,사업보고서 (2011.12),위메이드,2012.03.30,연,00444329,20120330000260
2152,코  위메이드맥스  IR,사업보고서 (2011.12),위메이드맥스,2012.03.30,연,00643656,20120330000260
2153,코  코세스,사업보고서 (2011.12),코세스,2012.03.30,정,00365934,20120330000260
2154,기  GB카드,사업보고서 (2011.12),GB카드,2012.03.30,,00262035,20120330000260
2155,기  제이앤케이인더스트리,사업보고서 (2011.12),제이앤케이인더스트리,2012.03.30,,00295370,20120330000260
2156,기  코오롱글로텍,사업보고서 (2011.12),코오롱글로텍,2012.03.30,연,00152923,20120330000260
2157,코  티씨케이,사업보고서 (2011.12),티씨케이,2012.03.30,,00245472,20120330000260
2158,기  럭슬,사업보고서 (2011.12),럭슬,2012.03.30,연,00264787,20120330000260
2159,기  포스코이앤씨,사업보고서 (2011.12),포스코이앤씨,2012.03.30,연,00100814,20120330000260
2160,기  신일건업,사업보고서 (2011.12),신일건업,2012.03.30,정연,00136970,20120330000260
2161,기  한국우사회,사업보고서 (2011.12),한국우사회,2012.03.30,,00369602,20120330000260
2162,유  새론오토모티브,사업보고서 (2011.12),새론오토모티브,2012.03.30,연,00305668,20120330000260
2163,유  DGB금융지주,사업보고서 (2011.12),DGB금융지주,2012.03.30,연,00878915,20120330000260
2164,코  디엔에프,사업보고서 (2011.12),디엔에프,2012.03.30,,00569691,20120330000260
2165,기  강원특별자치도민프로축구단,사업보고서 (2011.12),강원특별자치도민프로축구단,2012.03.30,,00685333,20120330000260
2166,기  대주코레스,사업보고서 (2011.12),대주코레스,2012.03.30,,00133715,20120330000260
2167,코  유신,사업보고서 (2011.12),유신,2012.03.30,,00144650,20120330000260
2168,기  아라온테크,사업보고서 (2011.12),아라온테크,2012.03.30,정연,00264857,20120330000260
2169,코  엑사이엔씨,사업보고서 (2011.12),엑사이엔씨,2012.03.30,연,00360577,20120330000260
2170,코  마이크로컨텍솔,사업보고서 (2011.12),마이크로컨텍솔,2012.03.30,,00568188,20120330000260
2171,유  SUN&L,사업보고서 (2011.12),SUN&L,2012.03.30,연,00132211,20120330000260
2172,코  서울반도체,사업보고서 (2011.12),서울반도체,2012.03.30,연,00130763,20120330000260
2173,기  키오스크테크놀로지,사업보고서 (2011.12),키오스크테크놀로지,2012.03.30,,00540313,20120330000260
2174,코  코콤,사업보고서 (2011.12),코콤,2012.03.30,연,00187725,20120330000260
2175,기  로케트전기,사업보고서 (2011.12),로케트전기,2012.03.30,연,00120377,20120330000260
2176,유  부산주공,사업보고서 (2011.12),부산주공,2012.03.30,정,00124151,20120330000260
2177,코  모다이노칩,사업보고서 (2011.12),모다이노칩,2012.03.30,연,00480048,20120330000260
2178,코  감성코퍼레이션,사업보고서 (2011.12),감성코퍼레이션,2012.03.30,,00261009,20120330000260
2179,코  디지털대성,사업보고서 (2011.12),디지털대성,2012.03.30,,00398808,20120330000260
2180,기  에스케이엔무브,사업보고서 (2011.12),에스케이엔무브,2012.03.30,연,00786711,20120330000260
2181,유  대창,사업보고서 (2011.12),대창,2012.03.30,정연,00112651,20120330000260
2182,기  우전,사업보고서 (2011.12),우전,2012.03.30,연,00291231,20120330000260
2183,코  코리아나  IR,사업보고서 (2011.12),코리아나,2012.03.30,연,00152589,20120330000260
2184,유  예스코홀딩스,사업보고서 (2011.12),예스코홀딩스,2012.03.30,연,00105101,20120330000260
2185,코  신라에스지,사업보고서 (2011.12),신라에스지,2012.03.30,,00136004,20120330000260
2186,코  동우팜투테이블,사업보고서 (2011.12),동우팜투테이블,2012.03.30,,00228712,20120330000260
2187,코  HLB  IR,사업보고서 (2011.12),HLB,2012.03.30,연,00199252,20120330000260
2188,코  서원인텍,사업보고서 (2011.12),서원인텍,2012.03.30,연,00445799,20120330000260
2189,기  모린스,사업보고서 (2011.12),모린스,2012.03.30,정,00676380,20120330000260
2190,코  듀오백,사업보고서 (2011.12),듀오백,2012.03.30,연,00407771,20120330000260
2191,기  에이치디현대삼호,사업보고서 (2011.12),에이치디현대삼호,2012.03.30,연,00332468,20120330000260
2192,기  엔에이치농협캐피탈,사업보고서 (2011.12),엔에이치농협캐피탈,2012.03.30,,00673523,20120330000260
2193,코  엘오티베큠  IR,사업보고서 (2011.12),엘오티베큠,2012.03.30,정연,00484682,20120330000260
2194,코  파세코,사업보고서 (2011.12),파세코,2012.03.30,,00238153,20120330000260
2195,코  에이치케이,사업보고서 (2011.12),에이치케이,2012.03.30,정연,00235183,20120330000260
2196,유  한국주강,사업보고서 (2011.12),한국주강,2012.03.30,,00159564,20120330000260
2197,유  한전KPS,사업보고서 (2011.12),한전KPS,2012.03.30,,00159218,20120330000260
2198,유  비에이치,사업보고서 (2011.12),비에이치,2012.03.30,정연,00447609,20120330000260
2199,기  엠소닉,사업보고서 (2011.12),엠소닉,2012.03.30,,00124577,20120330000260
2200,코  대봉엘에스,사업보고서 (2011.12),대봉엘에스,2012.03.30,정연,00442826,20120330000260
2201,코  LB세미콘,사업보고서 (2011.01),LB세미콘,2012.03.30,,00412348,20120330000053
2202,기  광주광역시도시공사,사업보고서 (2011.12),광주광역시도시공사,2012.03.30,,00857116,20120330000053
2203,코  에이테크솔루션,사업보고서 (2011.12),에이테크솔루션,2012.03.30,연,00384887,20120330000053
2204,코  대한약품,사업보고서 (2011.12),대한약품,2012.03.30,,00113128,20120330000053
2205,유  KSS해운,사업보고서 (2011.12),KSS해운,2012.03.30,연,00160232,20120330000053
2206,기  미성포리테크,사업보고서 (2011.12),미성포리테크,2012.03.30,연,00530796,20120330000053
2207,유  현대비앤지스틸,사업보고서 (2011.12),현대비앤지스틸,2012.03.30,연,00125743,20120330000053
2208,코  세코닉스,사업보고서 (2011.12),세코닉스,2012.03.30,연,00351630,20120330000053
2209,코  휴비츠,사업보고서 (2011.12),휴비츠,2012.03.30,연,00398668,20120330000053
2210,기  대구시민프로축구단,사업보고서 (2011.12),대구시민프로축구단,2012.03.30,,00427137,20120330000053
2211,유  신세계푸드,사업보고서 (2011.12),신세계푸드,2012.03.30,,00274933,20120330000053
2212,유  덕양산업,사업보고서 (2011.12),덕양산업,2012.03.30,정,00114154,20120330000053
2213,유  전방,사업보고서 (2011.12),전방,2012.03.30,연,00147222,20120330000053
2214,유  유나이티드,사업보고서 (2011.12),유나이티드,2012.03.30,연,00158963,20120330000053
2215,코  성우테크론,사업보고서 (2011.12),성우테크론,2012.03.30,연,00350482,20120330000053
2216,코  에너토크,사업보고서 (2011.12),에너토크,2012.03.30,,00169215,20120330000053
2217,기  투에버,사업보고서 (2011.12),투에버,2012.03.30,,00355335,20120330000053
2218,유  모나리자,사업보고서 (2011.12),모나리자,2012.03.30,,00173102,20120330000053
2219,코  서한,사업보고서 (2011.12),서한,2012.03.30,,00131504,20120330000053
2220,기  팍스넷,사업보고서 (2011.12),팍스넷,2012.03.30,,00334624,20120330000053
2221,기  케이비국민카드,사업보고서 (2011.12),케이비국민카드,2012.03.30,연,00857392,20120330000053
2222,코  비트컴퓨터,사업보고서 (2011.12),비트컴퓨터,2012.03.30,정연,00231707,20120330000053
2223,코  바이넥스,사업보고서 (2011.12),바이넥스,2012.03.30,연,00216027,20120330000053
2224,코  슈프리마에이치큐,사업보고서 (2011.12),슈프리마에이치큐,2012.03.30,정연,00599957,20120330000053
2225,코  아이컴포넌트,사업보고서 (2011.12),아이컴포넌트,2012.03.30,,00407285,20120330000053
2226,코  HLB이노베이션,사업보고서 (2011.12),HLB이노베이션,2012.03.30,정연,00155586,20120330000053
2227,기  동원엔터프라이즈,사업보고서 (2011.12),동원엔터프라이즈,2012.03.30,연,00360425,20120330000053
2228,기  대림아이앤에스,사업보고서 (2011.12),대림아이앤에스,2012.03.30,연,00219413,20120330000053
2229,기  신양오라컴디스플레이,사업보고서 (2011.12),신양오라컴디스플레이,2012.03.30,연,00317830,20120330000053
2230,기  에스엔유프리시젼,사업보고서 (2011.12),에스엔유프리시젼,2012.03.30,,00455981,20120330000053
2231,코  베뉴지  IR,사업보고서 (2011.12),베뉴지,2012.03.30,연,00267906,20120330000053
2232,코  아이엠,사업보고서 (2011.12),아이엠,2012.03.30,정연,00609634,20120330000053
2233,유  깨끗한나라,사업보고서 (2011.12),깨끗한나라,2012.03.30,연,00113492,20120330000053
2234,코  리튬포어스,사업보고서 (2011.12),리튬포어스,2012.03.30,정연,00440712,20120330000053
2235,기  한국통신데이타,사업보고서 (2011.12),한국통신데이타,2012.03.30,,00347619,20120330000053
2236,코  티비씨,사업보고서 (2011.12),티비씨,2012.03.30,연,00204642,20120330000053
2237,코  케이에스피,사업보고서 (2011.12),케이에스피,2012.03.30,,00328191,20120330000053
2238,코  우진비앤지,사업보고서 (2011.12),우진비앤지,2012.03.30,,00103547,20120330000053
2239,유  삼익THK,사업보고서 (2011.12),삼익THK,2012.03.30,,00127802,20120330000053
2240,코  원익큐브,사업보고서 (2011.12),원익큐브,2012.03.30,정,00128175,20120330000053
2241,기  케이에프,사업보고서 (2011.12),케이에프,2012.03.30,,00584511,20120330000053
2242,코  제이티,사업보고서 (2011.12),제이티,2012.03.30,,00365457,20120330000053
2243,유  일동홀딩스,사업보고서 (2011.12),일동홀딩스,2012.03.30,연,00146083,20120330000053
2244,기  성우몰드,사업보고서 (2011.12),성우몰드,2012.03.30,,00208301,20120330000053
2245,코  이글루,사업보고서 (2011.12),이글루,2012.03.30,,00364847,20120330000053
2246,코  엑스큐어,사업보고서 (2011.12),엑스큐어,2012.03.30,,00683007,20120330000053
2247,기  삼양제넥스,사업보고서 (2011.12),삼양제넥스,2012.03.30,연,00132105,20120330000053
2248,유  KR모터스,사업보고서 (2011.12),KR모터스,2012.03.30,연,00112378,20120330000053
2249,기  에스케이마리타임,사업보고서 (2011.12),에스케이마리타임,2012.03.30,연,00144207,20120330000053
2250,기  에스케이머티리얼즈,사업보고서 (2011.12),에스케이머티리얼즈,2012.03.30,연,00110051,20120330000053
2251,코  로보스타,사업보고서 (2011.12),로보스타,2012.03.30,정연,00536523,20120330000053
2252,유  한미반도체,사업보고서 (2011.12),한미반도체,2012.03.30,연,00161383,20120330000053
2253,기  천지산업,사업보고서 (2011.12),천지산업,2012.03.30,연,00151447,20120330000053
2254,기  더다올,사업보고서 (2011.12),더다올,2012.03.30,,00407391,20120330000053
2255,코  현우산업,사업보고서 (2011.12),현우산업,2012.03.30,,00367455,20120330000053
2256,기  오스템임플란트,사업보고서 (2011.12),오스템임플란트,2012.03.30,연,00341916,20120330000053
2257,유  SNT에너지,사업보고서 (2011.12),SNT에너지,2012.03.30,,00648721,20120330000053
2258,코  서연탑메탈,사업보고서 (2011.12),서연탑메탈,2012.03.30,연,00153278,20120330000053
2259,유  LG헬로비전,사업보고서 (2011.12),LG헬로비전,2012.03.30,연,00222532,20120330000053
2260,유  SNT모티브,사업보고서 (2011.12),SNT모티브,2012.03.30,연,00398792,20120330000053
2261,코  에스앤더블류,사업보고서 (2011.12),에스앤더블류,2012.03.30,,00137012,20120330000053
2262,코  인터로조,사업보고서 (2011.12),인터로조,2012.03.30,,00604426,20120330000053
2263,코  스타플렉스,사업보고서 (2011.12),스타플렉스,2012.03.30,연,00405959,20120330000053
2264,코  인베니아,사업보고서 (2011.12),인베니아,2012.03.30,,00409371,20120330000053
2265,기  씨제이건설,사업보고서 (2011.12),씨제이건설,2012.03.30,정,00222550,20120330000053
2266,기  성원건설,사업보고서 (2011.12),성원건설,2012.03.30,연,00133034,20120330000053
2267,유  미래아이앤지,사업보고서 (2011.12),미래아이앤지,2012.03.30,연,00104786,20120330000053
2268,유  엘앤에프,사업보고서 (2011.12),엘앤에프,2012.03.30,정연,00398701,20120330000053
2269,기  케이디파워,사업보고서 (2011.12),케이디파워,2012.03.30,,00270089,20120330000053
2270,코  한국컴퓨터,사업보고서 (2011.12),한국컴퓨터,2012.03.30,연,00303396,20120330000053
2271,유  신라교역,사업보고서 (2011.12),신라교역,2012.03.30,연,00135962,20120330000053
2272,코  EG,사업보고서 (2011.12),EG,2012.03.30,연,00261054,20120330000053
2273,코  가비아,사업보고서 (2011.12),가비아,2012.03.30,정연,00506294,20120330000053
2274,코  제우스,사업보고서 (2011.12),제우스,2012.03.30,연,00442570,20120330000053
2275,코  비케이홀딩스,사업보고서 (2011.12),비케이홀딩스,2012.03.30,연,00369569,20120330000053
2276,기  현대트랜시스,사업보고서 (2011.12),현대트랜시스,2012.03.30,연,00302634,20120330000053
2277,코  파트론,사업보고서 (2011.12),파트론,2012.03.30,연,00490151,20120330000053
2278,유  SNT다이내믹스,사업보고서 (2011.12),SNT다이내믹스,2012.03.30,연,00134477,20120330000053
2279,코  인성정보,사업보고서 (2011.12),인성정보,2012.03.30,연,00229021,20120330000053
2280,코  CS,사업보고서 (2011.12),CS,2012.03.30,연,00303703,20120330000053
2281,유  대원제약,사업보고서 (2011.12),대원제약,2012.03.30,연,00111999,20120330000053
2282,코  푸드웰,사업보고서 (2011.12),푸드웰,2012.03.30,정연,00165103,20120330000053
2283,유  코아스,사업보고서 (2011.12),코아스,2012.03.30,,00210856,20120330000053
2284,코  이수앱지스,사업보고서 (2011.12),이수앱지스,2012.03.30,,00526872,20120330000053
2285,코  엔피케이,사업보고서 (2011.12),엔피케이,2012.03.30,연,00108490,20120330000053
2286,기  동부티에스블랙펄기업인수목적,사업보고서 (2011.12),동부티에스블랙펄기업인수목적,2012.03.30,,00828309,20120330000053
2287,코  코아시아,사업보고서 (2011.12),코아시아,2012.03.30,연,00271501,20120330000053
2288,유  대동,사업보고서 (2011.12),대동,2012.03.30,연,00109286,20120330000053
2289,코  한일사료,사업보고서 (2011.12),한일사료,2012.03.30,연,00162911,20120330000053
2290,코  우림피티에스,사업보고서 (2011.12),우림피티에스,2012.03.30,정연,00567222,20120330000053
2291,코  케이피에프,사업보고서 (2011.12),케이피에프,2012.03.30,정연,00157636,20120330000053
2292,코  티플랙스,사업보고서 (2011.12),티플랙스,2012.03.30,연,00497631,20120330000053
2293,유  SNT홀딩스,사업보고서 (2011.12),SNT홀딩스,2012.03.30,연,00225159,20120330000053
2294,코  새로닉스,사업보고서 (2011.12),새로닉스,2012.03.30,정연,00147994,20120330000053
2295,코  아미노로직스,사업보고서 (2011.12),아미노로직스,2012.03.30,연,00466428,20120330000053
2296,코  플랜티넷,사업보고서 (2011.12),플랜티넷,2012.03.30,연,00490179,20120330000053
2297,유  삼화왕관,사업보고서 (2011.12),삼화왕관,2012.03.30,,00129235,20120330000053
2298,유  삼정펄프,사업보고서 (2011.12),삼정펄프,2012.03.30,,00128227,20120330000053
2299,코  동신건설,사업보고서 (2011.12),동신건설,2012.03.30,,00116408,20120330000053
2300,유  현대위아,사업보고서 (2011.12),현대위아,2012.03.30,연,00106623,20120330000053
2301,코  오스템,사업보고서 (2011.12),오스템,2012.03.30,연,00175173,20120329000667
2302,코  NE능률,사업보고서 (2011.12),NE능률,2012.03.30,연,00363927,20120329000667
2303,코  고려제약,사업보고서 (2011.12),고려제약,2012.03.30,,00103015,20120329000667
2304,코  인바디,사업보고서 (2011.12),인바디,2012.03.30,정연,00269922,20120329000667
2305,기  메가마트,사업보고서 (2011.12),메가마트,2012.03.30,연,00108250,20120329000667
2306,코  대동스틸,사업보고서 (2011.12),대동스틸,2012.03.30,,00109268,20120329000667
2307,기  비에스한양,사업보고서 (2011.12),비에스한양,2012.03.30,,00162221,20120329000667
2308,코  하이비젼시스템,사업보고서 (2011.12),하이비젼시스템,2012.03.30,정,00825959,20120329000667
2309,코  블루콤,사업보고서 (2011.12),블루콤,2012.03.30,연,00238001,20120329000667
2310,유  대한해운,사업보고서 (2011.12),대한해운,2012.03.30,연,00113535,20120329000667
2311,기  동성하이켐,사업보고서 (2011.12),동성하이켐,2012.03.30,,00165529,20120329000667
2312,코  에코프로  IR,사업보고서 (2011.12),에코프로,2012.03.30,,00536541,20120329000667
2313,코  인지디스플레,사업보고서 (2011.12),인지디스플레,2012.03.30,연,00265421,20120329000667
2314,코  스페코,사업보고서 (2011.12),스페코,2012.03.30,연,00136165,20120329000667
2315,유  종근당홀딩스,사업보고서 (2011.12),종근당홀딩스,2012.03.30,연,00149354,20120329000667
2316,기  현대캐피탈아메리카,사업보고서 (2011.12),현대캐피탈아메리카,2012.03.30,연,00760500,20120329000667
2317,기  GS칼텍스,사업보고서 (2011.12),GS칼텍스,2012.03.30,연,00165459,20120329000667
2318,기  디비엘,사업보고서 (2011.12),디비엘,2012.03.30,,00291152,20120329000667
2319,기  메타넷디지털,사업보고서 (2011.12),메타넷디지털,2012.03.30,정,00192347,20120329000667
2320,기  서울메트로,사업보고서 (2011.12),서울메트로,2012.03.30,,00908854,20120329000667
2321,유  아센디오,사업보고서 (2011.12),아센디오,2012.03.30,,00145437,20120329000667
2322,코  제닉,사업보고서 (2011.12),제닉,2012.03.29,,00624998,20120329000667
2323,기  포스코에너지,[첨부정정]사업보고서 (2011.12),포스코에너지,2012.03.29,,00306135,20120329000667
2324,유  NICE평가정보,사업보고서 (2011.12),NICE평가정보,2012.03.29,연,00158325,20120329000667
2325,기  한섬피앤디,사업보고서 (2011.12),한섬피앤디,2012.03.29,,00756330,20120329000667
2326,기  원익피앤이,사업보고서 (2011.12),원익피앤이,2012.03.29,,00785475,20120329000667
2327,기  세실,사업보고서 (2011.12),세실,2012.03.29,,00446831,20120329000667
2328,코  대한과학  IR,사업보고서 (2011.12),대한과학,2012.03.29,,00608316,20120329000667
2329,코  대화제약,사업보고서 (2011.12),대화제약,2012.03.29,연,00210740,20120329000667
2330,유  금호석유화학,사업보고서 (2011.12),금호석유화학,2012.03.29,연,00106368,20120329000667
2331,코  메지온,사업보고서 (2011.12),메지온,2012.03.29,정,00808022,20120329000667
2332,코  세명전기,사업보고서 (2011.12),세명전기,2012.03.29,,00133751,20120329000667
2333,코  다원시스,사업보고서 (2011.12),다원시스,2012.03.29,,00523307,20120329000667
2334,유  현대백화점,사업보고서 (2011.12),현대백화점,2012.03.29,연,00428251,20120329000667
2335,코  아이앤씨,사업보고서 (2011.12),아이앤씨,2012.03.29,,00365758,20120329000667
2336,코  씨티씨바이오,사업보고서 (2011.12),씨티씨바이오,2012.03.29,연,00362292,20120329000667
2337,코  휴림에이텍,사업보고서 (2011.12),휴림에이텍,2012.03.29,,00230814,20120329000667
2338,기  경상북도개발공사,사업보고서 (2011.12),경상북도개발공사,2012.03.29,,00855826,20120329000667
2339,기  대구도시공사,사업보고서 (2011.12),대구도시공사,2012.03.29,,00856728,20120329000667
2340,유  대한제분,사업보고서 (2011.12),대한제분,2012.03.29,연,00113243,20120329000667
2341,코  SBI인베스트먼트,사업보고서 (2011.12),SBI인베스트먼트,2012.03.29,연,00156910,20120329000667
2342,코  이퓨쳐,사업보고서 (2011.12),이퓨쳐,2012.03.29,,00788737,20120329000667
2343,코  티엔엔터테인먼트,사업보고서 (2011.12),티엔엔터테인먼트,2012.03.29,,00814786,20120329000667
2344,유  도화엔지니어링,사업보고서 (2011.12),도화엔지니어링,2012.03.29,,00114552,20120329000667
2345,유  NAVER  IR,사업보고서 (2011.12),NAVER,2012.03.29,연,00266961,20120329000667
2346,기  인켈,사업보고서 (2011.12),인켈,2012.03.29,연,00164326,20120329000667
2347,기  하나은행,사업보고서 (2011.12),하나은행,2012.03.29,연,00158909,20120329000667
2348,코  경동제약,사업보고서 (2011.12),경동제약,2012.03.29,연,00101549,20120329000667
2349,코  DGI,사업보고서 (2011.12),DGI,2012.03.29,,00627029,20120329000667
2350,유  영풍제지,사업보고서 (2011.12),영풍제지,2012.03.29,,00141404,20120329000667
2351,기  한화에스브이명장제1호기업인수목적,사업보고서 (2011.12),한화에스브이명장제1호기업인수목적,2012.03.29,정,00808226,20120329000667
2352,기  신한캐피탈,사업보고서 (2011.12),신한캐피탈,2012.03.29,연,00137456,20120329000667
2353,코  그래디언트,사업보고서 (2011.12),그래디언트,2012.03.29,연,00244561,20120329000667
2354,기  포스코에너지,사업보고서 (2011.12),포스코에너지,2012.03.29,정,00306135,20120329000667
2355,기  충북개발공사,사업보고서 (2011.12),충북개발공사,2012.03.29,,00858540,20120329000667
2356,기  글로앤웰,사업보고서 (2011.12),글로앤웰,2012.03.29,,00255141,20120329000667
2357,코  세운메디칼,사업보고서 (2011.12),세운메디칼,2012.03.29,연,00362201,20120329000667
2358,코  흥구석유,사업보고서 (2011.12),흥구석유,2012.03.29,,00167004,20120329000667
2359,코  태웅,사업보고서 (2011.12),태웅,2012.03.29,,00186799,20120329000667
2360,코  에쎈테크,사업보고서 (2011.12),에쎈테크,2012.03.29,,00203209,20120329000667
2361,기  스튜디오에스,사업보고서 (2011.12),스튜디오에스,2012.03.29,연,00280688,20120329000667
2362,기  풀무원식품,사업보고서 (2011.12),풀무원식품,2012.03.29,연,00684732,20120329000667
2363,코  코미팜,사업보고서 (2011.12),코미팜,2012.03.29,연,00187415,20120329000667
2364,기  현대아산,사업보고서 (2011.12),현대아산,2012.03.29,,00255257,20120329000667
2365,기  LG생명과학,사업보고서 (2011.12),LG생명과학,2012.03.29,연,00423609,20120329000667
2366,코  삼일,사업보고서 (2011.12),삼일,2012.03.29,정,00127909,20120329000667
2367,코  디모아,사업보고서 (2011.12),디모아,2012.03.29,,00125725,20120329000667
2368,유  에이프로젠바이오로직스,사업보고서 (2011.12),에이프로젠바이오로직스,2012.03.29,연,00101044,20120329000667
2369,유  GS리테일,사업보고서 (2011.12),GS리테일,2012.03.29,연,00140177,20120329000667
2370,코  BF랩스,사업보고서 (2011.12),BF랩스,2012.03.29,,00656021,20120329000667
2371,기  코리아2000,사업보고서 (2011.12),코리아2000,2012.03.29,연,00271440,20120329000667
2372,코  대성미생물,사업보고서 (2011.12),대성미생물,2012.03.29,정,00177320,20120329000667
2373,코  에이티넘인베스트,사업보고서 (2011.12),에이티넘인베스트,2012.03.29,,00161462,20120329000667
2374,코  동양이엔피,사업보고서 (2011.12),동양이엔피,2012.03.29,정연,00178790,20120329000667
2375,유  LG이노텍,사업보고서 (2011.12),LG이노텍,2012.03.29,연,00105961,20120329000667
2376,유  부광약품,사업보고서 (2011.12),부광약품,2012.03.29,,00123718,20120329000667
2377,기  엔에스브이,사업보고서 (2011.12),엔에스브이,2012.03.29,,00447478,20120329000667
2378,코  크린앤사이언스,[기재정정]사업보고서 (2011.12),크린앤사이언스,2012.03.29,정연,00185222,20120329000667
2379,코  인포바인,사업보고서 (2011.12),인포바인,2012.03.29,,00491415,20120329000667
2380,코  정상제이엘에스,사업보고서 (2011.12),정상제이엘에스,2012.03.29,연,00287788,20120329000667
2381,코  윈스,사업보고서 (2011.12),윈스,2012.03.29,,00868705,20120329000667
2382,코  모두투어,사업보고서 (2011.12),모두투어,2012.03.29,연,00456218,20120329000667
2383,기  케이티엔지니어링,사업보고서 (2011.12),케이티엔지니어링,2012.03.29,,00160117,20120329000667
2384,기  이엘케이,사업보고서 (2011.12),이엘케이,2012.03.29,연,00379016,20120329000667
2385,유  MH에탄올,사업보고서 (2011.12),MH에탄올,2012.03.29,정연,00121534,20120329000667
2386,코  셀루메드,사업보고서 (2011.12),셀루메드,2012.03.29,연,00310156,20120329000667
2387,코  진로발효,사업보고서 (2011.12),진로발효,2012.03.29,,00170877,20120329000667
2388,유  동화약품,사업보고서 (2011.12),동화약품,2012.03.29,,00119195,20120329000667
2389,코  와이엠,사업보고서 (2011.12),와이엠,2012.03.29,,00140858,20120329000667
2390,기  해피드림,사업보고서 (2011.12),해피드림,2012.03.29,정,00389679,20120329000667
2391,코  동일스틸럭스,사업보고서 (2011.12),동일스틸럭스,2012.03.29,,00172945,20120329000667
2392,코  오션인더블유,사업보고서 (2011.12),오션인더블유,2012.03.29,연,00349811,20120329000667
2393,유  코스모화학,사업보고서 (2011.12),코스모화학,2012.03.29,정,00160302,20120329000667
2394,유  다우기술,사업보고서 (2011.12),다우기술,2012.03.29,연,00176914,20120329000667
2395,코  코리아에프티,사업보고서 (2011.12),코리아에프티,2012.03.29,,00803425,20120329000667
2396,유  디씨엠,사업보고서 (2011.12),디씨엠,2012.03.29,연,00177199,20120329000667
2397,코  디와이피엔에프,사업보고서 (2011.12),디와이피엔에프,2012.03.29,연,00602136,20120329000667
2398,코  엠젠솔루션,사업보고서 (2011.12),엠젠솔루션,2012.03.29,정연,00110884,20120329000667
2399,코  피제이전자,사업보고서 (2011.12),피제이전자,2012.03.29,,00155735,20120329000667
2400,코  현대에버다임,사업보고서 (2011.12),현대에버다임,2012.03.29,연,00228536,20120329000667
2401,기  협화,사업보고서 (2011.12),협화,2012.03.29,,00160533,20120329000159
2402,유  하이스틸  IR,사업보고서 (2011.12),하이스틸,2012.03.29,,00435312,20120329000159
2403,기  에코바이브,사업보고서 (2011.12),에코바이브,2012.03.29,연,00108065,20120329000159
2404,기  오케이캐피탈,사업보고서 (2011.12),오케이캐피탈,2012.03.29,,00148434,20120329000159
2405,코  옵투스제약,사업보고서 (2011.12),옵투스제약,2012.03.29,,00831428,20120329000159
2406,유  광동제약,사업보고서 (2011.12),광동제약,2012.03.29,정연,00103592,20120329000159
2407,코  이화공영,사업보고서 (2011.12),이화공영,2012.03.29,,00145668,20120329000159
2408,코  에이디칩스,사업보고서 (2011.12),에이디칩스,2012.03.29,연,00356927,20120329000159
2409,코  폴라리스AI파마,사업보고서 (2011.12),폴라리스AI파마,2012.03.29,,00463342,20120329000159
2410,코  한양이엔지,사업보고서 (2011.12),한양이엔지,2012.03.29,정연,00216762,20120329000159
2411,코  삼영이엔씨,사업보고서 (2011.12),삼영이엔씨,2012.03.29,정,00288343,20120329000159
2412,기  세미텍,사업보고서 (2011.12),세미텍,2012.03.29,,00481676,20120329000159
2413,코  아난티,사업보고서 (2011.12),아난티,2012.03.29,,00161781,20120329000159
2414,코  한국알콜,사업보고서 (2011.12),한국알콜,2012.03.29,연,00158565,20120329000159
2415,코  엔텔스,사업보고서 (2011.12),엔텔스,2012.03.29,,00415707,20120329000159
2416,기  에스마크,사업보고서 (2011.12),에스마크,2012.03.29,,00100258,20120329000159
2417,유  TCC스틸,사업보고서 (2011.12),TCC스틸,2012.03.29,연,00117300,20120329000159
2418,유  KH 필룩스,사업보고서 (2011.12),KH 필룩스,2012.03.29,연,00193009,20120329000159
2419,코  티피씨글로벌,사업보고서 (2011.12),티피씨글로벌,2012.03.29,,00578538,20120329000159
2420,기  넥스콘테크놀러지,사업보고서 (2011.12),넥스콘테크놀러지,2012.03.29,정연,00264644,20120329000159
2421,유  국도화학,사업보고서 (2011.12),국도화학,2012.03.29,연,00104388,20120329000159
2422,유  우진,사업보고서 (2011.12),우진,2012.03.29,연,00173944,20120329000159
2423,코  위메이드플레이,사업보고서 (2011.12),위메이드플레이,2012.03.29,,00815767,20120329000159
2424,코  하림,사업보고서 (2011.12),하림,2012.03.29,,00857727,20120329000159
2425,코  모헨즈,사업보고서 (2011.12),모헨즈,2012.03.29,연,00163318,20120329000159
2426,유  코스모신소재,사업보고서 (2011.12),코스모신소재,2012.03.29,정,00129989,20120329000159
2427,코  에스코넥,사업보고서 (2011.12),에스코넥,2012.03.29,정연,00573269,20120329000159
2428,코  삼현철강,사업보고서 (2011.12),삼현철강,2012.03.29,,00128926,20120329000159
2429,기  동아일보사,사업보고서 (2011.12),동아일보사,2012.03.29,연,00116763,20120329000159
2430,기  대전도시공사,사업보고서 (2011.12),대전도시공사,2012.03.29,,00858470,20120329000159
2431,코  파인디지털,사업보고서 (2011.12),파인디지털,2012.03.29,연,00264732,20120329000159
2432,기  제낙스,사업보고서 (2011.12),제낙스,2012.03.29,연,00201788,20120329000159
2433,기  서림비앤에스,사업보고서 (2011.12),서림비앤에스,2012.03.29,,00269065,20120329000159
2434,유  한성기업,사업보고서 (2011.12),한성기업,2012.03.29,연,00161860,20120329000159
2435,기  월드파워텍,사업보고서 (2011.12),월드파워텍,2012.03.29,,00315267,20120329000159
2436,유  부산산업,사업보고서 (2011.12),부산산업,2012.03.29,연,00124027,20120329000159
2437,기  넥스피안,사업보고서 (2011.12),넥스피안,2012.03.29,연,00481223,20120329000159
2438,코  앤씨앤,사업보고서 (2011.12),앤씨앤,2012.03.29,,00537337,20120329000159
2439,기  디케이씨,사업보고서 (2011.12),디케이씨,2012.03.29,정연,00324104,20120329000159
2440,코  에스디시스템,사업보고서 (2011.12),에스디시스템,2012.03.29,,00604815,20120329000159
2441,유  HDC현대EP,사업보고서 (2011.12),HDC현대EP,2012.03.29,연,00357935,20120329000159
2442,유  서울식품공업,사업보고서 (2011.12),서울식품공업,2012.03.29,연,00130879,20120329000159
2443,코  피에스텍,사업보고서 (2011.12),피에스텍,2012.03.29,연,00155638,20120329000159
2444,코  이엔에프테크놀로지,사업보고서 (2011.12),이엔에프테크놀로지,2012.03.29,연,00530185,20120329000159
2445,유  KC그린홀딩스,사업보고서 (2011.12),KC그린홀딩스,2012.03.29,연,00159971,20120329000159
2446,기  제이비우리캐피탈,사업보고서 (2011.12),제이비우리캐피탈,2012.03.29,연,00234971,20120329000159
2447,코  케이엠,사업보고서 (2011.12),케이엠,2012.03.29,연,00242934,20120329000159
2448,유  율촌화학,사업보고서 (2011.12),율촌화학,2012.03.29,,00145260,20120329000159
2449,코  큐에스아이,사업보고서 (2011.12),큐에스아이,2012.03.29,,00411446,20120329000159
2450,코  캠시스,사업보고서 (2011.12),캠시스,2012.03.29,연,00330044,20120329000159
2451,유  KC코트렐,사업보고서 (2011.12),KC코트렐,2012.03.29,,00797364,20120329000159
2452,코  유니테스트,사업보고서 (2011.12),유니테스트,2012.03.29,연,00540447,20120329000159
2453,코  이브이첨단소재,사업보고서 (2011.12),이브이첨단소재,2012.03.29,연,00533924,20120329000159
2454,코  S&K폴리텍,사업보고서 (2011.12),S&K폴리텍,2012.03.29,,00580667,20120329000159
2455,코  동원개발,사업보고서 (2011.12),동원개발,2012.03.29,,00117966,20120329000159
2456,유  삼화페인트공업,사업보고서 (2011.12),삼화페인트공업,2012.03.29,연,00129387,20120329000159
2457,유  동부건설,사업보고서 (2011.12),동부건설,2012.03.29,연,00115612,20120329000159
2458,코  삼화네트웍스,사업보고서 (2011.12),삼화네트웍스,2012.03.29,연,00301112,20120329000159
2459,코  CMG제약  IR,사업보고서 (2011.12),CMG제약,2012.03.29,연,00380429,20120329000159
2460,코  씨엔플러스,사업보고서 (2011.12),씨엔플러스,2012.03.29,연,00660033,20120329000159
2461,코  제주반도체,사업보고서 (2011.12),제주반도체,2012.03.29,연,00447487,20120329000159
2462,코  대호특수강,사업보고서 (2011.12),대호특수강,2012.03.29,정,00166175,20120329000159
2463,기  부산교통공사,사업보고서 (2011.12),부산교통공사,2012.03.29,,00856597,20120329000159
2464,유  대원전선,사업보고서 (2011.12),대원전선,2012.03.29,연,00260392,20120329000159
2465,유  에이리츠,사업보고서 (2011.12),에이리츠,2012.03.29,,00860730,20120329000159
2466,코  삼일기업공사,사업보고서 (2011.12),삼일기업공사,2012.03.29,,00127936,20120329000159
2467,코  삼천당제약,사업보고서 (2011.12),삼천당제약,2012.03.29,,00128546,20120329000159
2468,유  삼일제약,사업보고서 (2011.12),삼일제약,2012.03.29,연,00128032,20120329000159
2469,유  서흥,사업보고서 (2011.12),서흥,2012.03.29,정연,00131692,20120329000159
2470,코  오공,사업보고서 (2011.12),오공,2012.03.29,연,00220969,20120329000159
2471,기  화신테크,사업보고서 (2011.12),화신테크,2012.03.29,,00166333,20120329000159
2472,기  아이디스파워텔,사업보고서 (2011.12),아이디스파워텔,2012.03.29,,00187868,20120329000159
2473,기  에스카테크,사업보고서 (2011.12),에스카테크,2012.03.29,,00373845,20120329000159
2474,기  평택에너지앤파워,사업보고서 (2011.12),평택에너지앤파워,2012.03.29,,00683450,20120329000159
2475,코  한국큐빅,사업보고서 (2011.12),한국큐빅,2012.03.29,연,00160010,20120329000159
2476,코  화일약품,사업보고서 (2011.12),화일약품,2012.03.29,연,00188973,20120329000159
2477,코  옵트론텍,사업보고서 (2011.12),옵트론텍,2012.03.29,연,00327396,20120329000159
2478,유  인터지스,사업보고서 (2011.12),인터지스,2012.03.29,연,00151368,20120329000159
2479,코  코웰패션,사업보고서 (2011.12),코웰패션,2012.03.29,연,00155948,20120329000159
2480,기  에스엠화진,사업보고서 (2011.12),에스엠화진,2012.03.29,연,00238977,20120329000159
2481,기  세아메탈,사업보고서 (2011.12),세아메탈,2012.03.29,,00206084,20120329000159
2482,코  특수건설,사업보고서 (2011.12),특수건설,2012.03.29,,00186939,20120329000159
2483,기  경주신라컨트리클럽,사업보고서 (2011.12),경주신라컨트리클럽,2012.03.29,,00413444,20120329000159
2484,코  대원미디어,사업보고서 (2011.12),대원미디어,2012.03.29,연,00351807,20120329000159
2485,유  조광페인트,사업보고서 (2011.12),조광페인트,2012.03.29,정연,00148920,20120329000159
2486,기  동성화학,사업보고서 (2011.12),동성화학,2012.03.29,,00116356,20120329000159
2487,코  팅크웨어,사업보고서 (2011.12),팅크웨어,2012.03.29,,00438036,20120329000159
2488,기  티케이지태광,사업보고서 (2011.12),티케이지태광,2012.03.29,연,00153418,20120329000159
2489,유  경인전자,사업보고서 (2011.12),경인전자,2012.03.29,연,00102140,20120329000159
2490,기  산은캐피탈,사업보고서 (2011.12),산은캐피탈,2012.03.29,연,00260356,20120329000159
2491,기  폴라리스쉬핑,사업보고서 (2011.12),폴라리스쉬핑,2012.03.29,,00520753,20120329000159
2492,코  케이알엠,사업보고서 (2011.12),케이알엠,2012.03.29,,00536888,20120329000159
2493,코  에이텍,사업보고서 (2011.12),에이텍,2012.03.29,연,00256502,20120329000159
2494,코  한창산업,사업보고서 (2011.12),한창산업,2012.03.29,,00202839,20120329000159
2495,코  크린앤사이언스,사업보고서 (2011.12),크린앤사이언스,2012.03.29,정연,00185222,20120329000159
2496,코  케이씨에스,사업보고서 (2011.12),케이씨에스,2012.03.29,,00441650,20120329000159
2497,유  세아베스틸지주,사업보고서 (2011.12),세아베스틸지주,2012.03.29,,00106669,20120329000159
2498,코  매커스,사업보고서 (2011.12),매커스,2012.03.29,연,00596677,20120329000159
2499,코  CBI,사업보고서 (2011.12),CBI,2012.03.29,,00151605,20120329000159
2500,유  주연테크,사업보고서 (2011.12),주연테크,2012.03.29,,00269241,20120329000159
2501,코  프리엠스,사업보고서 (2011.12),프리엠스,2012.03.29,연,00352064,20120327000248
2502,기  포천파워,사업보고서 (2011.12),포천파워,2012.03.29,,00687085,20120327000248
2503,코  메타바이오메드,사업보고서 (2011.12),메타바이오메드,2012.03.29,정연,00317681,20120327000248
2504,코  파워로직스,사업보고서 (2011.12),파워로직스,2012.03.29,연,00269612,20120327000248
2505,유  삼영전자공업,사업보고서 (2011.12),삼영전자공업,2012.03.29,연,00127200,20120327000248
2506,코  ISC  IR,사업보고서 (2011.12),ISC,2012.03.29,연,00572905,20120327000248
2507,기  스마트솔루션즈,사업보고서 (2011.12),스마트솔루션즈,2012.03.29,,00763358,20120327000248
2508,유  경방,사업보고서 (2011.12),경방,2012.03.29,연,00101628,20120327000248
2509,코  빛과전자,사업보고서 (2011.12),빛과전자,2012.03.29,연,00367482,20120327000248
2510,기  코리아세븐,사업보고서 (2011.12),코리아세븐,2012.03.29,연,00186513,20120327000248
2511,유  조흥,사업보고서 (2011.12),조흥,2012.03.29,정,00149345,20120327000248
2512,기  연합자산관리,사업보고서 (2011.12),연합자산관리,2012.03.29,연,00819268,20120327000248
2513,코  경남스틸,사업보고서 (2011.12),경남스틸,2012.03.29,,00206039,20120327000248
2514,기  티에이케이정보시스템,사업보고서 (2011.12),티에이케이정보시스템,2012.03.29,,00249098,20120327000248
2515,유  환인제약,사업보고서 (2011.12),환인제약,2012.03.29,,00166573,20120327000248
2516,코  디지틀조선,사업보고서 (2011.12),디지틀조선,2012.03.29,연,00231442,20120327000248
2517,코  부스타,사업보고서 (2011.12),부스타,2012.03.29,,00124276,20120327000248
2518,유  웰바이오텍  IR,사업보고서 (2011.12),웰바이오텍,2012.03.29,연,00141273,20120327000248
2519,기  농업회사법인합천유통,사업보고서 (2011.12),농업회사법인합천유통,2012.03.29,,00777953,20120327000248
2520,기  농업회사법인의령군토요애유통,사업보고서 (2011.12),농업회사법인의령군토요애유통,2012.03.29,,00711896,20120327000248
2521,기  에어미디어,사업보고서 (2011.12),에어미디어,2012.03.29,,00239675,20120327000248
2522,코  쎄트렉아이,사업보고서 (2011.12),쎄트렉아이,2012.03.29,,00449254,20120327000248
2523,코  디이엔티,사업보고서 (2011.12),디이엔티,2012.03.29,,00445160,20120327000248
2524,코  대성파인텍,사업보고서 (2011.12),대성파인텍,2012.03.29,연,00442905,20120327000248
2525,코  사람인,사업보고서 (2011.12),사람인,2012.03.29,,00857480,20120327000248
2526,유  SK오션플랜트,사업보고서 (2011.12),SK오션플랜트,2012.03.29,,00480367,20120327000248
2527,코  KCI,사업보고서 (2011.12),KCI,2012.03.29,,00265041,20120327000248
2528,기  경남도민프로축구단,사업보고서 (2011.12),경남도민프로축구단,2012.03.29,,00543170,20120327000248
2529,유  고려제강,사업보고서 (2011.12),고려제강,2012.03.29,연,00103006,20120327000248
2530,유  삼익악기,사업보고서 (2011.12),삼익악기,2012.03.29,정연,00127857,20120327000248
2531,기  일신레져,사업보고서 (2011.12),일신레져,2012.03.29,,00300399,20120327000248
2532,기  에스에프씨,사업보고서 (2011.12),에스에프씨,2012.03.28,,00450339,20120327000248
2533,코  스맥,사업보고서 (2011.12),스맥,2012.03.28,,00580056,20120327000248
2534,유  인스코비  IR,사업보고서 (2011.12),인스코비,2012.03.28,정,00122825,20120327000248
2535,기  울산광역시도시공사,사업보고서 (2011.12),울산광역시도시공사,2012.03.28,,00852856,20120327000248
2536,기  엔터미디어,사업보고서 (2011.12),엔터미디어,2012.03.28,정연,00407975,20120327000248
2537,유  LG유플러스,사업보고서 (2011.12),LG유플러스,2012.03.28,연,00231363,20120327000248
2538,기  케이조선,사업보고서 (2011.12),케이조선,2012.03.28,정연,00109453,20120327000248
2539,코  리더스코스메틱,사업보고서 (2011.12),리더스코스메틱,2012.03.28,,00180263,20120327000248
2540,기  에이티세미콘,사업보고서 (2011.12),에이티세미콘,2012.03.28,,00458562,20120327000248
2541,코  웹젠,사업보고서 (2011.12),웹젠,2012.03.28,연,00405320,20120327000248
2542,유  LG디스플레이,사업보고서 (2011.12),LG디스플레이,2012.03.28,연,00105873,20120327000248
2543,코  케이씨피드,사업보고서 (2011.12),케이씨피드,2012.03.28,정연,00101752,20120327000248
2544,코  하이퍼코퍼레이션,사업보고서 (2011.12),하이퍼코퍼레이션,2012.03.28,,00391197,20120327000248
2545,코  태양,사업보고서 (2011.12),태양,2012.03.28,연,00186717,20120327000248
2546,기  흥화,사업보고서 (2011.12),흥화,2012.03.28,,00167314,20120327000248
2547,코  대아티아이  IR,사업보고서 (2011.12),대아티아이,2012.03.28,연,00318316,20120327000248
2548,유  CJ씨푸드,사업보고서 (2011.12),CJ씨푸드,2012.03.28,연,00129013,20120327000248
2549,코  넥스트아이,사업보고서 (2011.12),넥스트아이,2012.03.28,,00614593,20120327000248
2550,코  승일,[기재정정]사업보고서 (2011.12),승일,2012.03.28,,00135467,20120327000248
2551,기  부산도시가스,사업보고서 (2011.12),부산도시가스,2012.03.28,,00123967,20120327000248
2552,기  에스칩스,사업보고서 (2011.12),에스칩스,2012.03.28,,00259378,20120327000248
2553,유  세기상사,사업보고서 (2011.12),세기상사,2012.03.28,연,00133618,20120327000248
2554,기  농업회사법인속리산유통,사업보고서 (2011.12),농업회사법인속리산유통,2012.03.28,,00697949,20120327000248
2555,기  터치엔,사업보고서 (2011.12),터치엔,2012.03.28,,00900278,20120327000248
2556,코  쌍용정보통신,사업보고서 (2011.12),쌍용정보통신,2012.03.28,연,00138303,20120327000248
2557,코  승일,사업보고서 (2011.12),승일,2012.03.28,정,00135467,20120327000248
2558,코  에스씨디,사업보고서 (2011.12),에스씨디,2012.03.28,,00171867,20120327000248
2559,코  HRS,사업보고서 (2011.12),HRS,2012.03.28,연,00230911,20120327000248
2560,유  포스코스틸리온,사업보고서 (2011.12),포스코스틸리온,2012.03.28,,00155258,20120327000248
2561,코  메디아나,사업보고서 (2011.12),메디아나,2012.03.28,,00273439,20120327000248
2562,코  에프에스티,사업보고서 (2011.12),에프에스티,2012.03.28,,00223434,20120327000248
2563,코  상신이디피,사업보고서 (2011.12),상신이디피,2012.03.28,연,00480783,20120327000248
2564,코  선바이오,사업보고서 (2011.12),선바이오,2012.03.28,정,00407036,20120327000248
2565,코  율호,사업보고서 (2011.12),율호,2012.03.28,정연,00583026,20120327000248
2566,기  지티앤티,사업보고서 (2011.12),지티앤티,2012.03.28,정연,00351269,20120327000248
2567,코  유진테크,사업보고서 (2011.12),유진테크,2012.03.28,연,00531014,20120327000248
2568,기  성지건설,사업보고서 (2011.12),성지건설,2012.03.28,정,00133238,20120327000248
2569,유  포스코퓨처엠,사업보고서 (2011.12),포스코퓨처엠,2012.03.28,연,00155276,20120327000248
2570,코  누리플랜,사업보고서 (2011.12),누리플랜,2012.03.28,정연,00410997,20120327000248
2571,코  현대바이오랜드,사업보고서 (2011.12),현대바이오랜드,2012.03.28,정연,00347062,20120327000248
2572,코  포메탈,사업보고서 (2011.12),포메탈,2012.03.28,,00188797,20120327000248
2573,코  KX  IR,사업보고서 (2011.12),KX,2012.03.28,연,00657987,20120327000248
2574,코  에스폴리텍,사업보고서 (2011.12),에스폴리텍,2012.03.28,정연,00340272,20120327000248
2575,코  폴라리스AI,사업보고서 (2011.12),폴라리스AI,2012.03.28,,00369213,20120327000248
2576,코  디티씨,사업보고서 (2011.12),디티씨,2012.03.28,,00371740,20120327000248
2577,유  국제약품,사업보고서 (2011.12),국제약품,2012.03.28,연,00104722,20120327000248
2578,기  전남개발공사,사업보고서 (2011.12),전남개발공사,2012.03.28,정,00856825,20120327000248
2579,코  예스24,사업보고서 (2011.12),예스24,2012.03.28,연,00362858,20120327000248
2580,코  인화정공,사업보고서 (2011.12),인화정공,2012.03.28,연,00482426,20120327000248
2581,코  피델릭스,사업보고서 (2011.12),피델릭스,2012.03.28,,00189538,20120327000248
2582,기  세아창원특수강,사업보고서 (2011.12),세아창원특수강,2012.03.28,연,00231512,20120327000248
2583,기  환영철강공업,사업보고서 (2011.12),환영철강공업,2012.03.28,연,00166546,20120327000248
2584,기  포앤티,사업보고서 (2011.12),포앤티,2012.03.28,,00264918,20120327000248
2585,코  엘디티,사업보고서 (2011.12),엘디티,2012.03.28,,00540571,20120327000248
2586,기  서광,사업보고서 (2011.12),서광,2012.03.28,,00130152,20120327000248
2587,기  하나투어리스트,사업보고서 (2011.12),하나투어리스트,2012.03.27,,00397207,20120327000248
2588,기  인터피온반도체,사업보고서 (2011.12),인터피온반도체,2012.03.27,,00111591,20120327000248
2589,유  인바이오젠,사업보고서 (2011.12),인바이오젠,2012.03.27,,00652423,20120327000248
2590,코  셀바스AI,사업보고서 (2011.12),셀바스AI,2012.03.27,연,00666064,20120327000248
2591,코  뉴인텍,사업보고서 (2011.12),뉴인텍,2012.03.27,연,00105040,20120327000248
2592,기  이매진  IR,사업보고서 (2011.12),이매진,2012.03.27,,00265290,20120327000248
2593,유  스틱인베스트먼트,사업보고서 (2011.12),스틱인베스트먼트,2012.03.27,연,00117498,20120327000248
2594,유  신세계  IR,사업보고서 (2011.12),신세계,2012.03.27,연,00136378,20120327000248
2595,기  이마트에브리데이,사업보고서 (2011.12),이마트에브리데이,2012.03.27,,00164308,20120327000248
2596,코  케이바이오,사업보고서 (2011.12),케이바이오,2012.03.27,,00255105,20120327000248
2597,코  삼기,사업보고서 (2011.12),삼기,2012.03.27,정,00799177,20120327000248
2598,기  아이.지.앰.,사업보고서 (2011.12),아이.지.앰.,2012.03.27,,00168012,20120327000248
2599,유  미창석유공업,사업보고서 (2011.12),미창석유공업,2012.03.27,,00122056,20120327000248
2600,코  YTN,사업보고서 (2011.12),YTN,2012.03.27,,00200275,20120327000248
2601,기  국제건설,사업보고서 (2011.12),국제건설,2012.03.27,,00788241,20110928000355
2602,기  에코넥스,사업보고서 (2011.12),에코넥스,2012.03.27,,00824844,20110928000355
2603,기  GS파워,사업보고서 (2011.12),GS파워,2012.03.27,정,00325185,20110928000355
2604,코  에이스침대,사업보고서 (2011.12),에이스침대,2012.03.27,연,00140052,20110928000355
2605,기  완도전복,사업보고서 (2011.12),완도전복,2012.03.27,,00753573,20110928000355
2606,기  와이디생명과학,[기재정정]사업보고서 (2011.12),와이디생명과학,2012.03.27,,00697611,20110928000355
2607,코  와토스코리아,사업보고서 (2011.12),와토스코리아,2012.03.27,,00455875,20110928000355
2608,기  와이디생명과학,사업보고서 (2011.12),와이디생명과학,2012.03.27,정,00697611,20110928000355
2609,유  웅진,사업보고서 (2011.12),웅진,2012.03.26,정연,00143651,20110928000355
2610,코  레드캡투어  IR,사업보고서 (2011.12),레드캡투어,2012.03.26,연,00261355,20110928000355
2611,기  케이아이티  IR,사업보고서 (2011.12),케이아이티,2012.03.26,,00268163,20110928000355
2612,코  서울리거,사업보고서 (2011.12),서울리거,2012.03.26,정연,00305570,20110928000355
2613,코  시공테크,사업보고서 (2011.12),시공테크,2012.03.26,연,00170026,20110928000355
2614,유  제주항공  IR,사업보고서 (2011.12),제주항공,2012.03.26,,00555874,20110928000355
2615,코  하이드로리튬,사업보고서 (2011.12),하이드로리튬,2012.03.26,,00527491,20110928000355
2616,코  우원개발,사업보고서 (2011.12),우원개발,2012.03.26,연,00363246,20110928000355
2617,기  부국퓨쳐스타즈기업인수목적,사업보고서 (2011.12),부국퓨쳐스타즈기업인수목적,2012.03.26,,00808262,20110928000355
2618,유  대유에이텍,사업보고서 (2011.12),대유에이텍,2012.03.26,정연,00149804,20110928000355
2619,코  인콘,사업보고서 (2011.12),인콘,2012.03.26,연,00475976,20110928000355
2620,유  AJ네트웍스,[기재정정]사업보고서 (2011.12),AJ네트웍스,2012.03.23,,00365387,20110928000355
2621,코  예림당,사업보고서 (2011.12),예림당,2012.03.23,연,00259934,20110928000355
2622,유  SBS,사업보고서 (2011.12),SBS,2012.03.23,정연,00130772,20110928000355
2623,유  현대엘리베이터,[기재정정]사업보고서 (2010.12),현대엘리베이터,2012.03.23,연,00164724,20110928000355
2624,코  AP헬스케어,사업보고서 (2011.12),AP헬스케어,2012.03.23,,00653194,20110928000355
2625,유  AJ네트웍스,[기재정정]사업보고서 (2011.12),AJ네트웍스,2012.03.23,정,00365387,20110928000355
2626,코  한국정보통신,사업보고서 (2011.12),한국정보통신,2012.03.22,연,00159342,20110928000355
2627,코  지더블유바이텍,사업보고서 (2011.12),지더블유바이텍,2012.03.22,,00257149,20110928000355
2628,코  수성웹툰,사업보고서 (2011.12),수성웹툰,2012.03.22,,00243979,20110928000355
2629,코  초록뱀미디어,사업보고서 (2011.12),초록뱀미디어,2012.03.22,연,00299464,20110928000355
2630,기  이래엔에스,[기재정정]사업보고서 (2011.12),이래엔에스,2012.03.22,,00887995,20110928000355
2631,유  지엠비코리아,사업보고서 (2011.12),지엠비코리아,2012.03.22,정연,00156354,20110928000355
2632,기  신영씨앤디,[첨부정정]사업보고서 (2011.12),신영씨앤디,2012.03.21,,00172778,20110928000355
2633,기  피엔에스커튼월,사업보고서 (2011.12),피엔에스커튼월,2012.03.21,,00107303,20110928000355
2634,코  아바코,사업보고서 (2011.12),아바코,2012.03.21,연,00442145,20110928000355
2635,유  에이엔피,사업보고서 (2011.12),에이엔피,2012.03.21,정연,00143314,20110928000355
2636,유  AJ네트웍스,[기재정정]사업보고서 (2011.12),AJ네트웍스,2012.03.20,정,00365387,20110928000355
2637,유  AJ네트웍스,[기재정정]사업보고서 (2011.12),AJ네트웍스,2012.03.20,정,00365387,20110928000355
2638,기  푸른일삼일팔,사업보고서 (2011.12),푸른일삼일팔,2012.03.20,,00332538,20110928000355
2639,유  한온시스템,사업보고서 (2011.12),한온시스템,2012.03.19,연,00161125,20110928000355
2640,유  AJ네트웍스,사업보고서 (2011.12),AJ네트웍스,2012.03.19,정,00365387,20110928000355
2641,기  장금상선,사업보고서 (2011.12),장금상선,2012.03.19,연,00301705,20110928000355
2642,기  여천NCC,사업보고서 (2011.12),여천NCC,2012.03.16,,00278373,20110928000355
2643,코  아이디스,사업보고서 (2011.12),아이디스,2012.03.16,연,00883980,20110928000355
2644,코  아이디스홀딩스,사업보고서 (2011.12),아이디스홀딩스,2012.03.14,연,00359580,20110928000355
2645,기  신영씨앤디,사업보고서 (2011.12),신영씨앤디,2012.03.14,정,00172778,20110928000355
2646,기  지에스이피에스,사업보고서 (2011.12),지에스이피에스,2012.03.07,,00231929,20110928000355
2647,기  이래엔에스,사업보고서 (2011.12),이래엔에스,2012.03.07,정,00887995,20110928000355
2648,기  푸르덴셜파이낸셜인크,사업보고서 (2011.12),푸르덴셜파이낸셜인크,2012.03.05,연,00586120,20110928000355
2649,유  유화증권,[기재정정]사업보고서 (2011.03),유화증권,2012.02.29,,00145190,20110928000355
2650,코  강원에너지,사업보고서 (2011.11),강원에너지,2012.02.28,,00100601,20110928000355
2651,유  현대약품,사업보고서 (2011.11),현대약품,2012.02.28,,00164706,20110928000355
2652,기  코크렙제14호위탁관리부동산투자회사,사업보고서 (2011.11),코크렙제14호위탁관리부동산투자회사,2012.02.27,정,00659879,20110928000355
2653,기  일화모직공업,사업보고서 (2011.11),일화모직공업,2012.02.24,,00146719,20110928000355
2654,유  DN오토모티브,[기재정정]사업보고서 (2010.12),DN오토모티브,2012.02.14,연,00116949,20110928000355
2655,기  평산차업집단유한공사,[기재정정]사업보고서 (2011.09),평산차업집단유한공사,2012.02.01,연,00599230,20110928000355
2656,기  뉴비지니스시스템,사업보고서 (2011.10),뉴비지니스시스템,2012.01.31,,00329446,20110928000355
2657,기  피케이엘,사업보고서 (2011.10),피케이엘,2012.01.30,연,00222213,20110928000355
2658,기  트러스와이제7호위탁관리부동산투자회사,[첨부정정]사업보고서 (2011.10),트러스와이제7호위탁관리부동산투자회사,2012.01.30,,00865382,20110928000355
2659,기  트러스와이제7호위탁관리부동산투자회사,사업보고서 (2011.10),트러스와이제7호위탁관리부동산투자회사,2012.01.30,정,00865382,20110928000355
2660,코  농우바이오,사업보고서 (2011.10),농우바이오,2012.01.20,연,00176835,20110928000355
2661,기  평산차업집단유한공사,사업보고서 (2011.09),평산차업집단유한공사,2012.01.09,정연,00599230,20110928000355
2662,유  금비,사업보고서 (2011.09),금비,2011.12.29,연,00168401,20110928000355
2663,기  아시아퍼시픽14호선박투자회사,사업보고서 (2011.09),아시아퍼시픽14호선박투자회사,2011.12.29,연,00533696,20110928000355
2664,코  아이씨디,[첨부정정]사업보고서 (2011.09),아이씨디,2011.12.29,,00298377,20110928000355
2665,코  이크레더블,사업보고서 (2011.09),이크레더블,2011.12.29,,00634728,20110928000355
2666,기  대한은박지,사업보고서 (2011.09),대한은박지,2011.12.29,,00113173,20110928000355
2667,코  아이씨디,사업보고서 (2011.09),아이씨디,2011.12.29,정,00298377,20110928000355
2668,코  소프트센,사업보고서 (2011.09),소프트센,2011.12.29,연,00204226,20110928000355
2669,기  세실,사업보고서 (2011.09),세실,2011.12.29,,00446831,20110928000355
2670,코  인터엠,사업보고서 (2011.09),인터엠,2011.12.29,,00145914,20110928000355
2671,유  신영와코루,사업보고서 (2011.09),신영와코루,2011.12.29,연,00136624,20110928000355
2672,코  한국기업평가,사업보고서 (2011.09),한국기업평가,2011.12.28,연,00156956,20110928000355
2673,코  한스바이오메드,사업보고서 (2011.09),한스바이오메드,2011.12.28,,00349060,20110928000355
2674,유  방림,사업보고서 (2011.09),방림,2011.12.28,연,00122348,20110928000355
2675,코  중앙에너비스,사업보고서 (2011.09),중앙에너비스,2011.12.28,,00149770,20110928000355
2676,기  리딩투자증권,[기재정정]사업보고서 (2011.03),리딩투자증권,2011.12.20,연,00323549,20110928000355
2677,기  아시아퍼시픽15호선박투자회사,사업보고서 (2011.08),아시아퍼시픽15호선박투자회사,2011.11.29,연,00533678,20110928000355
2678,코  풍강,사업보고서 (2011.08),풍강,2011.11.28,,00155373,20110928000355
2679,기  리딩투자증권,[기재정정]사업보고서 (2011.03),리딩투자증권,2011.11.28,정연,00323549,20110928000355
2680,기  신텍,[기재정정]사업보고서 (2010.12),신텍,2011.11.24,,00599887,20110928000355
2681,유  DB하이텍,[기재정정]사업보고서 (2010.12),DB하이텍,2011.11.18,연,00160843,20110928000355
2682,유  현대코퍼레이션,[첨부정정]사업보고서 (2010.12),현대코퍼레이션,2011.11.14,연,00164812,20110928000355
2683,기  국제건설,[첨부정정]사업보고서 (2010.12),국제건설,2011.11.07,,00788241,20110928000355
2684,코  TPC,[기재정정]사업보고서 (2011.06),TPC,2011.10.28,연,00108649,20110928000355
2685,기  중국고섬공고유한공사,[기재정정]사업보고서 (2010.12),중국고섬공고유한공사,2011.10.26,정연,00844884,20110928000355
2686,코  씨엑스아이,사업보고서 (2011.06),씨엑스아이,2011.10.25,연,00800084,20110928000355
2687,기  중국고섬공고유한공사,사업보고서 (2010.12),중국고섬공고유한공사,2011.10.24,정연,00844884,20110928000355
2688,유  HD한국조선해양,[첨부정정]사업보고서 (2010.12),HD한국조선해양,2011.10.17,연,00164830,20110928000355
2689,기  메탈씨닷컴,사업보고서 (2011.06),메탈씨닷컴,2011.09.30,,00683353,20110928000355
2690,코  메디콕스,[첨부정정]사업보고서 (2011.06),메디콕스,2011.09.29,,00356839,20110928000355
2691,기  다올저축은행,사업보고서 (2011.06),다올저축은행,2011.09.28,,00165149,20110928000355
2692,유  형지엘리트,[기재정정]사업보고서 (2011.06),형지엘리트,2011.09.28,,00441243,20110928000355
2693,기  토마토저축은행,사업보고서 (2011.06),토마토저축은행,2011.09.28,연,00173759,20110928000355
2694,기  솔로몬저축은행,사업보고서 (2011.06),솔로몬저축은행,2011.09.28,연,00189343,20110928000355
2695,기  프라임상호저축은행,사업보고서 (2011.06),프라임상호저축은행,2011.09.28,,00121987,20110928000355
2696,기  에스비아이저축은행,사업보고서 (2011.06),에스비아이저축은행,2011.09.28,연,00174518,20110928000355
2697,기  골든브릿지저축은행,사업보고서 (2011.06),골든브릿지저축은행,2011.09.28,,00174509,20110928000355
2698,유  세원정공,사업보고서 (2011.06),세원정공,2011.09.28,연,00134316,20110928000355
2699,기  더블유저축은행,[기재정정]사업보고서 (2011.06),더블유저축은행,2011.09.28,,00141361,20110928000355
2700,기  애큐온저축은행,사업보고서 (2011.06),애큐온저축은행,2011.09.28,연,00111014,20110928000355
2701,기  서울상호저축은행,사업보고서 (2011.06),서울상호저축은행,2011.09.28,,00130815,20110629000340
2702,기  에스비아이2저축은행,사업보고서 (2011.06),에스비아이2저축은행,2011.09.28,,00100416,20110629000340
2703,기  진흥저축은행,사업보고서 (2011.06),진흥저축은행,2011.09.28,연,00150855,20110629000340
2704,기  한울저축은행,사업보고서 (2011.06),한울저축은행,2011.09.28,,00153481,20110629000340
2705,기  해솔저축은행,사업보고서 (2011.06),해솔저축은행,2011.09.28,,00547422,20110629000340
2706,기  한국저축은행,사업보고서 (2011.06),한국저축은행,2011.09.28,연,00104704,20110629000340
2707,기  상상인저축은행,사업보고서 (2011.06),상상인저축은행,2011.09.28,,00163585,20110629000340
2708,기  제일이상호저축은행,사업보고서 (2011.06),제일이상호저축은행,2011.09.28,,00174323,20110629000340
2709,기  아시아퍼시픽12호선박투자회사,사업보고서 (2011.06),아시아퍼시픽12호선박투자회사,2011.09.28,연,00533836,20110629000340
2710,기  조은저축은행,사업보고서 (2011.06),조은저축은행,2011.09.28,,00136095,20110629000340
2711,기  아시아퍼시픽11호선박투자회사,사업보고서 (2011.06),아시아퍼시픽11호선박투자회사,2011.09.28,연,00533793,20110629000340
2712,기  경은저축은행,사업보고서 (2011.06),경은저축은행,2011.09.28,,00102043,20110629000340
2713,기  더블유저축은행,사업보고서 (2011.06),더블유저축은행,2011.09.28,정,00141361,20110629000340
2714,코  와이오엠,사업보고서 (2011.06),와이오엠,2011.09.28,연,00370200,20110629000340
2715,코  바이온  IR,사업보고서 (2011.06),바이온,2011.09.28,,00232089,20110629000340
2716,코  메디콕스,사업보고서 (2011.06),메디콕스,2011.09.28,정,00356839,20110629000340
2717,코  TPC,사업보고서 (2011.06),TPC,2011.09.28,정연,00108649,20110629000340
2718,기  제일저축은행,사업보고서 (2011.06),제일저축은행,2011.09.28,연,00174129,20110629000340
2719,기  경기상호저축은행,사업보고서 (2011.06),경기상호저축은행,2011.09.28,,00385433,20110629000340
2720,코  양지사,사업보고서 (2011.06),양지사,2011.09.28,,00139685,20110629000340
2721,기  코크렙제8호위탁관리부동산투자회사,사업보고서 (2011.06),코크렙제8호위탁관리부동산투자회사,2011.09.28,,00560025,20110629000340
2722,기  하이콘테크,사업보고서 (2011.06),하이콘테크,2011.09.28,,00164335,20110629000340
2723,유  만호제강,사업보고서 (2011.06),만호제강,2011.09.28,,00120872,20110629000340
2724,기  동양밸류오션기업인수목적,사업보고서 (2011.06),동양밸류오션기업인수목적,2011.09.28,,00798530,20110629000340
2725,코  아세아텍,사업보고서 (2011.06),아세아텍,2011.09.28,,00138747,20110629000340
2726,기  코크렙제15호기업구조조정부동산투자회사,사업보고서 (2011.06),코크렙제15호기업구조조정부동산투자회사,2011.09.28,,00788807,20110629000340
2727,코  JYP Ent.,사업보고서 (2011.06),JYP Ent.,2011.09.28,,00258689,20110629000340
2728,기  알에스넷,사업보고서 (2011.06),알에스넷,2011.09.28,,00207436,20110629000340
2729,코  효성오앤비,사업보고서 (2011.06),효성오앤비,2011.09.28,,00367385,20110629000340
2730,기  영남저축은행,사업보고서 (2011.06),영남저축은행,2011.09.28,,00173166,20110629000340
2731,유  형지엘리트,사업보고서 (2011.06),형지엘리트,2011.09.28,정,00441243,20110629000340
2732,코  푸른저축은행,사업보고서 (2011.06),푸른저축은행,2011.09.27,,00124805,20110629000340
2733,유  체시스,사업보고서 (2011.06),체시스,2011.09.27,,00125576,20110629000340
2734,기  대백저축은행,사업보고서 (2011.06),대백저축은행,2011.09.27,,00110060,20110629000340
2735,기  두함지개발,사업보고서 (2011.06),두함지개발,2011.09.27,,00131328,20110629000340
2736,기  디비저축은행,사업보고서 (2011.06),디비저축은행,2011.09.27,,00115667,20110629000340
2737,유  신성통상,사업보고서 (2011.06),신성통상,2011.09.23,연,00136341,20110629000340
2738,유  DN오토모티브,[기재정정]사업보고서 (2010.12),DN오토모티브,2011.09.23,정연,00116949,20110629000340
2739,유  DN오토모티브,[기재정정]사업보고서 (2010.12),DN오토모티브,2011.09.23,정연,00116949,20110629000340
2740,기  스마트저축은행,[기재정정]사업보고서 (2011.06),스마트저축은행,2011.09.20,,00151030,20110629000340
2741,기  스마트저축은행,사업보고서 (2011.06),스마트저축은행,2011.09.16,정,00151030,20110629000340
2742,유  현대차증권,[첨부정정]사업보고서 (2010.03),현대차증권,2011.09.09,,00137997,20110629000340
2743,코  씨젠  IR,[첨부정정]사업보고서 (2010.12),씨젠,2011.09.09,,00788773,20110629000340
2744,코  인피니트헬스케어,[첨부정정]사업보고서 (2010.12),인피니트헬스케어,2011.09.09,,00435969,20110629000340
2745,기  하나증권,[기재정정]사업보고서 (2010.03),하나증권,2011.09.08,,00113465,20110629000340
2746,코  케이씨에스,[첨부정정]사업보고서 (2010.12),케이씨에스,2011.09.07,,00441650,20110629000340
2747,기  아이엠증권,[기재정정]사업보고서 (2011.03),아이엠증권,2011.08.29,연,00148665,20110629000340
2748,기  아시아퍼시픽13호선박투자회사,사업보고서 (2011.05),아시아퍼시픽13호선박투자회사,2011.08.29,연,00533757,20110629000340
2749,기  아시아퍼시픽10호선박투자회사,사업보고서 (2011.05),아시아퍼시픽10호선박투자회사,2011.08.29,연,00533580,20110629000340
2750,기  코크렙제14호위탁관리부동산투자회사,사업보고서 (2011.05),코크렙제14호위탁관리부동산투자회사,2011.08.29,,00659879,20110629000340
2751,유  DN오토모티브,[기재정정]사업보고서 (2010.12),DN오토모티브,2011.08.17,정연,00116949,20110629000340
2752,기  산은캐피탈,[기재정정]사업보고서 (2010.12),산은캐피탈,2011.08.11,연,00260356,20110629000340
2753,유  인바이오젠,[기재정정]사업보고서 (2010.12),인바이오젠,2011.08.03,,00652423,20110629000340
2754,코  엠벤처투자,[기재정정]사업보고서 (2010.12),엠벤처투자,2011.07.29,,00136642,20110629000340
2755,기  중국식품포장유한공사,사업보고서 (2011.03),중국식품포장유한공사,2011.07.29,연,00694003,20110629000340
2756,유  콜마홀딩스,[첨부정정]사업보고서 (2011.03),콜마홀딩스,2011.07.29,연,00203290,20110629000340
2757,기  네프로아이티,사업보고서 (2011.03),네프로아이티,2011.07.28,,00687599,20110629000340
2758,코  한양이엔지,[기재정정]사업보고서 (2010.12),한양이엔지,2011.07.08,연,00216762,20110629000340
2759,코  한양이엔지,[기재정정]사업보고서 (2010.12),한양이엔지,2011.07.08,정연,00216762,20110629000340
2760,기  미래에셋증권,[기재정정]사업보고서 (2011.03),미래에셋증권,2011.07.08,연,00311030,20110629000340
2761,코  비츠로테크,[기재정정]사업보고서 (2011.03),비츠로테크,2011.07.08,,00103644,20110629000340
2762,기  리딩투자증권,[첨부정정]사업보고서 (2011.03),리딩투자증권,2011.07.04,정연,00323549,20110629000340
2763,기  리딩투자증권,[기재정정]사업보고서 (2011.03),리딩투자증권,2011.07.04,정연,00323549,20110629000340
2764,기  호텔롯데,[첨부정정]사업보고서 (2010.12),호텔롯데,2011.06.30,연,00165653,20110629000340
2765,유  한화생명,[기재정정]사업보고서 (2011.03),한화생명,2011.06.30,연,00113058,20110629000340
2766,기  메리츠증권,[기재정정]사업보고서 (2011.03),메리츠증권,2011.06.30,,00163682,20110629000340
2767,기  리딩투자증권,사업보고서 (2011.03),리딩투자증권,2011.06.29,정연,00323549,20110629000340
2768,기  노무라금융투자,[첨부정정]사업보고서 (2011.03),노무라금융투자,2011.06.29,,00825968,20110629000340
2769,기  노무라금융투자,사업보고서 (2011.03),노무라금융투자,2011.06.29,정,00825968,20110629000340
2770,기  에이플러스라이프,사업보고서 (2011.03),에이플러스라이프,2011.06.29,,00838652,20110629000340
2771,코  바른손,사업보고서 (2011.03),바른손,2011.06.29,정,00122205,20110629000340
2772,기  케이디비생명보험,사업보고서 (2011.03),케이디비생명보험,2011.06.29,,00104069,20110629000340
2773,유  메리츠금융지주,사업보고서 (2011.03),메리츠금융지주,2011.06.29,연,00860332,20110629000340
2774,유  에이플러스에셋,사업보고서 (2011.03),에이플러스에셋,2011.06.29,,00684802,20110629000340
2775,유  롯데손해보험,사업보고서 (2011.03),롯데손해보험,2011.06.29,,00113562,20110629000340
2776,유  한국주철관공업,사업보고서 (2011.03),한국주철관공업,2011.06.29,연,00159573,20110629000340
2777,유  미래에셋생명,사업보고서 (2011.03),미래에셋생명,2011.06.29,연,00112332,20110629000340
2778,기  제너시스템즈,[기재정정]사업보고서 (2011.03),제너시스템즈,2011.06.29,,00453752,20110629000340
2779,유  현대해상,사업보고서 (2011.03),현대해상,2011.06.29,연,00164973,20110629000340
2780,유  유안타증권,사업보고서 (2011.03),유안타증권,2011.06.29,연,00117601,20110629000340
2781,유  한화생명,사업보고서 (2011.03),한화생명,2011.06.29,정연,00113058,20110629000340
2782,유  동양생명,사업보고서 (2011.03),동양생명,2011.06.29,연,00117267,20110629000340
2783,코  한국캐피탈,사업보고서 (2011.03),한국캐피탈,2011.06.29,,00149594,20110629000340
2784,유  DB손해보험,사업보고서 (2011.03),DB손해보험,2011.06.29,연,00159102,20110629000340
2785,기  한국스탠다드차타드증권,사업보고서 (2011.03),한국스탠다드차타드증권,2011.06.29,,00685704,20110629000340
2786,기  아이비케이투자증권,사업보고서 (2011.03),아이비케이투자증권,2011.06.29,,00684918,20110629000340
2787,유  삼성화재해상보험,사업보고서 (2011.03),삼성화재해상보험,2011.06.29,연,00139214,20110629000340
2788,유  유진증권,사업보고서 (2011.03),유진증권,2011.06.29,연,00131054,20110629000340
2789,유  삼성생명,사업보고서 (2011.03),삼성생명,2011.06.29,연,00126256,20110629000340
2790,유  흥국화재,사업보고서 (2011.03),흥국화재,2011.06.29,,00103176,20110629000340
2791,유  대신증권,사업보고서 (2011.03),대신증권,2011.06.29,연,00110893,20110629000340
2792,기  아이엠라이프생명보험,사업보고서 (2011.03),아이엠라이프생명보험,2011.06.29,,00124063,20110629000340
2793,유  상상인증권,사업보고서 (2011.03),상상인증권,2011.06.29,연,00112059,20110629000340
2794,기  우리종합금융,사업보고서 (2011.03),우리종합금융,2011.06.29,,00104102,20110629000340
2795,기  맥쿼리증권,사업보고서 (2011.03),맥쿼리증권,2011.06.29,,00586041,20110629000340
2796,유  오리엔트바이오,사업보고서 (2011.03),오리엔트바이오,2011.06.29,정연,00141626,20110629000340
2797,기  DB생명보험,사업보고서 (2011.03),DB생명보험,2011.06.29,,00168933,20110629000340
2798,기  NH농협증권,사업보고서 (2011.03),NH농협증권,2011.06.29,,00116860,20110629000340
2799,기  화인자산관리,사업보고서 (2011.03),화인자산관리,2011.06.29,,00156521,20110629000340
2800,유  부국증권,사업보고서 (2011.03),부국증권,2011.06.29,연,00123772,20110629000340
2801,기  미래에셋캐피탈,사업보고서 (2011.03),미래에셋캐피탈,2011.06.29,연,00251738,20110516001593
2802,기  화인파트너스,사업보고서 (2011.03),화인파트너스,2011.06.29,연,00104421,20110516001593
2803,유  삼성증권,사업보고서 (2011.03),삼성증권,2011.06.29,연,00104856,20110516001593
2804,유  한화투자증권,사업보고서 (2011.03),한화투자증권,2011.06.29,연,00148610,20110516001593
2805,유  교보증권,사업보고서 (2011.03),교보증권,2011.06.29,,00113359,20110516001593
2806,기  대우증권그린코리아기업인수목적회사,사업보고서 (2011.03),대우증권그린코리아기업인수목적회사,2011.06.29,,00797674,20110516001593
2807,기  경향신문사,사업보고서 (2011.03),경향신문사,2011.06.29,,00102399,20110516001593
2808,기  아이엠증권,사업보고서 (2011.03),아이엠증권,2011.06.29,정연,00148665,20110516001593
2809,코  3S,사업보고서 (2011.03),3S,2011.06.29,정,00378363,20110516001593
2810,기  씨티그룹글로벌마켓증권,사업보고서 (2011.03),씨티그룹글로벌마켓증권,2011.06.29,,00243508,20110516001593
2811,코  메이슨캐피탈,사업보고서 (2011.03),메이슨캐피탈,2011.06.29,,00136101,20110516001593
2812,유  한국금융지주,사업보고서 (2011.03),한국금융지주,2011.06.29,연,00432102,20110516001593
2813,기  케이비투자증권,사업보고서 (2011.03),케이비투자증권,2011.06.29,연,00219389,20110516001593
2814,코  비츠로테크,사업보고서 (2011.03),비츠로테크,2011.06.29,정,00103644,20110516001593
2815,유  에스엘,사업보고서 (2011.03),에스엘,2011.06.29,연,00125521,20110516001593
2816,유  유화증권,사업보고서 (2011.03),유화증권,2011.06.29,정,00145190,20110516001593
2817,기  메리츠증권,사업보고서 (2011.03),메리츠증권,2011.06.29,정,00163682,20110516001593
2818,유  코리안리,사업보고서 (2011.03),코리안리,2011.06.29,연,00113191,20110516001593
2819,유  동원금속,사업보고서 (2011.03),동원금속,2011.06.29,연,00118008,20110516001593
2820,코  LS증권,사업보고서 (2011.03),LS증권,2011.06.29,,00330424,20110516001593
2821,기  국제엘렉트릭코리아,사업보고서 (2011.03),국제엘렉트릭코리아,2011.06.29,연,00218052,20110516001593
2822,유  신영증권,사업보고서 (2011.03),신영증권,2011.06.29,연,00136721,20110516001593
2823,기  도이치증권,사업보고서 (2011.03),도이치증권,2011.06.29,,00380766,20110516001593
2824,기  에이플러스리얼티,[첨부정정]사업보고서 (2011.03),에이플러스리얼티,2011.06.29,,00803869,20110516001593
2825,유  SK증권,사업보고서 (2011.03),SK증권,2011.06.29,,00131850,20110516001593
2826,기  부산방직공업,사업보고서 (2011.03),부산방직공업,2011.06.29,,00124018,20110516001593
2827,유  일양약품,사업보고서 (2011.03),일양약품,2011.06.29,,00146454,20110516001593
2828,코  플루토스,사업보고서 (2011.03),플루토스,2011.06.29,,00110750,20110516001593
2829,유  DB금융투자,사업보고서 (2011.03),DB금융투자,2011.06.29,연,00115694,20110516001593
2830,기  케이비증권,사업보고서 (2011.03),케이비증권,2011.06.29,연,00164876,20110516001593
2831,기  메리츠화재해상보험,사업보고서 (2011.03),메리츠화재해상보험,2011.06.29,,00117744,20110516001593
2832,코  대신정보통신,사업보고서 (2011.03),대신정보통신,2011.06.29,,00110875,20110516001593
2833,기  덴소코리아,사업보고서 (2011.03),덴소코리아,2011.06.29,,00334244,20110516001593
2834,기  한국증권금융,사업보고서 (2011.03),한국증권금융,2011.06.29,,00159643,20110516001593
2835,기  KB손해보험,사업보고서 (2011.03),KB손해보험,2011.06.29,연,00120216,20110516001593
2836,기  그린손해보험,사업보고서 (2011.03),그린손해보험,2011.06.29,연,00104971,20110516001593
2837,코  글로본  IR,사업보고서 (2011.03),글로본,2011.06.29,,00159731,20110516001593
2838,기  하나증권,사업보고서 (2011.03),하나증권,2011.06.29,정,00113465,20110516001593
2839,코  비츠로시스,사업보고서 (2011.03),비츠로시스,2011.06.29,,00201432,20110516001593
2840,유  콜마홀딩스,사업보고서 (2011.03),콜마홀딩스,2011.06.29,정연,00203290,20110516001593
2841,유  한화손해보험,사업보고서 (2011.03),한화손해보험,2011.06.29,,00135917,20110516001593
2842,기  케이알투자증권,사업보고서 (2011.03),케이알투자증권,2011.06.29,,00537559,20110516001593
2843,코  이씨에스,사업보고서 (2011.03),이씨에스,2011.06.29,,00400060,20110516001593
2844,유  대동전자,사업보고서 (2011.03),대동전자,2011.06.29,연,00157104,20110516001593
2845,기  에이플러스리얼티,사업보고서 (2011.03),에이플러스리얼티,2011.06.29,정,00803869,20110516001593
2846,유  기신정기,사업보고서 (2011.03),기신정기,2011.06.28,연,00106614,20110516001593
2847,유  키움증권,사업보고서 (2011.03),키움증권,2011.06.28,연,00296290,20110516001593
2848,유  다올투자증권,사업보고서 (2011.03),다올투자증권,2011.06.28,연,00156859,20110516001593
2849,유  한양증권,사업보고서 (2011.03),한양증권,2011.06.28,,00162416,20110516001593
2850,기  아이엠투자증권,사업보고서 (2011.03),아이엠투자증권,2011.06.28,,00149327,20110516001593
2851,유  유유제약,사업보고서 (2011.03),유유제약,2011.06.28,,00144818,20110516001593
2852,유  부광약품,사업보고서 (2011.03),부광약품,2011.06.28,,00123718,20110516001593
2853,기  동원엔터프라이즈,사업보고서 (2011.03),동원엔터프라이즈,2011.06.28,연,00360425,20110516001593
2854,유  대구백화점,사업보고서 (2011.03),대구백화점,2011.06.28,연,00108977,20110516001593
2855,코  화성밸브,사업보고서 (2011.03),화성밸브,2011.06.28,,00217743,20110516001593
2856,기  제너시스템즈,사업보고서 (2011.03),제너시스템즈,2011.06.27,정,00453752,20110516001593
2857,기  신한투자증권,사업보고서 (2011.03),신한투자증권,2011.06.27,연,00138321,20110516001593
2858,유  국제약품,사업보고서 (2011.03),국제약품,2011.06.27,,00104722,20110516001593
2859,기  미래에셋증권,사업보고서 (2011.03),미래에셋증권,2011.06.24,정연,00311030,20110516001593
2860,유  NH투자증권,사업보고서 (2011.03),NH투자증권,2011.06.24,연,00120182,20110516001593
2861,기  한국투자증권,사업보고서 (2011.03),한국투자증권,2011.06.24,연,00160144,20110516001593
2862,유  삼호개발,[첨부정정]사업보고서 (2010.12),삼호개발,2011.06.24,,00128980,20110516001593
2863,기  한국테크놀로지  IR,[첨부정정]사업보고서 (2010.12),한국테크놀로지,2011.06.24,,00355548,20110516001593
2864,유  이화산업,사업보고서 (2011.03),이화산업,2011.06.24,연,00145686,20110516001593
2865,유  미래에셋증권  IR,사업보고서 (2011.03),미래에셋증권,2011.06.24,연,00111722,20110516001593
2866,코  비츠로셀,사업보고서 (2011.03),비츠로셀,2011.06.23,,00154718,20110516001593
2867,기  한국씨티금융지주,[기재정정]사업보고서 (2010.12),한국씨티금융지주,2011.06.16,연,00859707,20110516001593
2868,유  현대차증권,사업보고서 (2011.03),현대차증권,2011.06.15,,00137997,20110516001593
2869,유  진흥기업,[첨부정정]사업보고서 (2010.12),진흥기업,2011.06.13,연,00150828,20110516001593
2870,유  롯데칠성음료  IR,[기재정정]사업보고서 (2010.12),롯데칠성음료,2011.06.08,연,00120571,20110516001593
2871,기  제이에스전선,[기재정정]사업보고서 (2010.12),제이에스전선,2011.06.07,,00140362,20110516001593
2872,기  대전시티즌,[기재정정]사업보고서 (2010.12),대전시티즌,2011.06.03,,00544018,20110516001593
2873,코  비에이치아이,[첨부정정]사업보고서 (2010.12),비에이치아이,2011.06.01,,00409788,20110516001593
2874,기  아시아퍼시픽9호선박투자회사,사업보고서 (2011.02),아시아퍼시픽9호선박투자회사,2011.05.30,연,00510914,20110516001593
2875,기  홈플러스,사업보고서 (2011.02),홈플러스,2011.05.27,연,00300061,20110516001593
2876,기  우전,[기재정정]사업보고서 (2010.12),우전,2011.05.27,연,00291231,20110516001593
2877,기  우전,[기재정정]사업보고서 (2009.12),우전,2011.05.27,연,00291231,20110516001593
2878,유  원림,[첨부정정]사업보고서 (2010.12),원림,2011.05.24,연,00143794,20110516001593
2879,코  알파홀딩스,[기재정정]사업보고서 (2010.12),알파홀딩스,2011.05.23,,00605124,20110516001593
2880,기  디패션,[기재정정]사업보고서 (2010.12),디패션,2011.05.20,,00228916,20110516001593
2881,코  메디톡스,[기재정정]사업보고서 (2010.12),메디톡스,2011.05.20,,00580199,20110516001593
2882,기  생고뱅코리아홀딩스,[첨부정정]사업보고서 (2010.12),생고뱅코리아홀딩스,2011.05.18,연,00159005,20110516001593
2883,기  메가마트,[기재정정]사업보고서 (2010.12),메가마트,2011.05.18,연,00108250,20110516001593
2884,코  DMS,[기재정정]사업보고서 (2010.12),DMS,2011.05.18,연,00361594,20110516001593
2885,유  진흥기업,[기재정정]사업보고서 (2010.12),진흥기업,2011.05.17,정연,00150828,20110516001593
2886,코  구영테크,[기재정정]사업보고서 (2010.12),구영테크,2011.05.17,연,00202060,20110516001593
2887,유  일진홀딩스,[첨부정정]사업보고서 (2010.12),일진홀딩스,2011.05.17,연,00146649,20110516001593
2888,코  웰크론한텍  IR,[기재정정]사업보고서 (2010.12),웰크론한텍,2011.05.16,연,00487546,20110516001593
2889,기  전북개발공사,[기재정정]사업보고서 (2010.12),전북개발공사,2011.05.16,,00858577,20110516001593
2890,코  에스코넥,[첨부정정]사업보고서 (2010.12),에스코넥,2011.05.16,연,00573269,20110516001593
2891,유  KIB플러그에너지,[기재정정]사업보고서 (2010.12),KIB플러그에너지,2011.05.16,연,00108746,20110516001593
2892,코  DMS,[기재정정]사업보고서 (2010.12),DMS,2011.05.16,정연,00361594,20110516001593
2893,기  에스엔유프리시젼,[기재정정]사업보고서 (2010.12),에스엔유프리시젼,2011.05.16,,00455981,20110516001593
2894,코  인화정공,[첨부정정]사업보고서 (2010.12),인화정공,2011.05.16,,00482426,20110516001593
2895,코  버킷스튜디오,[기재정정]사업보고서 (2010.12),버킷스튜디오,2011.05.16,,00378220,20110516001593
2896,유  새론오토모티브,[첨부정정]사업보고서 (2010.12),새론오토모티브,2011.05.16,연,00305668,20110516001593
2897,코  SM Life Design,[기재정정]사업보고서 (2010.12),SM Life Design,2011.05.16,,00367604,20110516001593
2898,유  부산주공,[첨부정정]사업보고서 (2010.12),부산주공,2011.05.16,,00124151,20110516001593
2899,코  CNH,[기재정정]사업보고서 (2010.12),CNH,2011.05.16,연,00149266,20110516001593
2900,코  CNH,[기재정정]사업보고서 (2010.12),CNH,2011.05.16,정연,00149266,20110516001593
2901,코  광림,[첨부정정]사업보고서 (2010.12),광림,2011.05.16,,00103635,20110420000068
2902,기  경기도시공사,[기재정정]사업보고서 (2010.12),경기도시공사,2011.05.16,,00858373,20110420000068
2903,코  옵트론텍,[첨부정정]사업보고서 (2010.12),옵트론텍,2011.05.16,연,00327396,20110420000068
2904,유  롯데관광개발,[첨부정정]사업보고서 (2010.12),롯데관광개발,2011.05.16,,00231372,20110420000068
2905,유  이엔플러스,[첨부정정]사업보고서 (2010.12),이엔플러스,2011.05.16,,00469799,20110420000068
2906,기  씨제이이앤엠,[기재정정]사업보고서 (2010.12),씨제이이앤엠,2011.05.13,연,00838421,20110420000068
2907,유  KSS해운,[첨부정정]사업보고서 (2010.12),KSS해운,2011.05.13,,00160232,20110420000068
2908,코  판타지오,[첨부정정]사업보고서 (2010.12),판타지오,2011.05.13,,00231691,20110420000068
2909,코  제넨바이오,[첨부정정]사업보고서 (2010.12),제넨바이오,2011.05.13,연,00408956,20110420000068
2910,코  티사이언티픽,[첨부정정]사업보고서 (2010.12),티사이언티픽,2011.05.13,연,00372688,20110420000068
2911,코  스페코,[기재정정]사업보고서 (2010.12),스페코,2011.05.13,연,00136165,20110420000068
2912,코  서호전기,[기재정정]사업보고서 (2010.12),서호전기,2011.05.13,,00220622,20110420000068
2913,유  남성,[첨부정정]사업보고서 (2010.12),남성,2011.05.13,연,00172185,20110420000068
2914,기  제네시스디벨롭먼트홀딩스,[첨부정정]사업보고서 (2010.12),제네시스디벨롭먼트홀딩스,2011.05.13,연,00350738,20110420000068
2915,유  한국무브넥스,[기재정정]사업보고서 (2010.12),한국무브넥스,2011.05.13,연,00160418,20110420000068
2916,기  예당컴퍼니,[첨부정정]사업보고서 (2010.12),예당컴퍼니,2011.05.13,,00252393,20110420000068
2917,코  코메론,[기재정정]사업보고서 (2010.12),코메론,2011.05.13,연,00152783,20110420000068
2918,기  우리종합금융,[첨부정정]사업보고서 (2010.03),우리종합금융,2011.05.13,,00104102,20110420000068
2919,코  아이텍,[기재정정]사업보고서 (2010.12),아이텍,2011.05.12,,00626011,20110420000068
2920,코  테라젠이텍스,[기재정정]사업보고서 (2010.12),테라젠이텍스,2011.05.12,연,00249894,20110420000068
2921,코  코디,[기재정정]사업보고서 (2010.12),코디,2011.05.12,,00308559,20110420000068
2922,유  영원무역홀딩스,[기재정정]사업보고서 (2010.12),영원무역홀딩스,2011.05.12,연,00140964,20110420000068
2923,기  신한은행,[기재정정]사업보고서 (2010.12),신한은행,2011.05.12,정연,00149293,20110420000068
2924,코  큐캐피탈,[기재정정]사업보고서 (2010.12),큐캐피탈,2011.05.12,연,00267942,20110420000068
2925,유  동부건설,[기재정정]사업보고서 (2010.12),동부건설,2011.05.11,연,00115612,20110420000068
2926,코  삼진엘앤디,[첨부정정]사업보고서 (2010.12),삼진엘앤디,2011.05.09,연,00239514,20110420000068
2927,기  우방,사업보고서 (2010.12),우방,2011.05.09,,00142564,20110420000068
2928,코  모아텍,[기재정정]사업보고서 (2010.12),모아텍,2011.05.09,연,00241209,20110420000068
2929,기  다산자기관리부동산투자회사,[기재정정]사업보고서 (2010.12),다산자기관리부동산투자회사,2011.05.06,,00686970,20110420000068
2930,기  지노시스템,[기재정정]사업보고서 (2010.12),지노시스템,2011.05.06,,00244589,20110420000068
2931,코  KNN,[기재정정]사업보고서 (2010.12),KNN,2011.05.04,,00208134,20110420000068
2932,유  HDC현대EP,[기재정정]사업보고서 (2010.12),HDC현대EP,2011.05.04,연,00357935,20110420000068
2933,기  동아일보사,[첨부정정]사업보고서 (2010.12),동아일보사,2011.05.04,연,00116763,20110420000068
2934,코  이오테크닉스,[첨부정정]사업보고서 (2010.12),이오테크닉스,2011.05.04,연,00246417,20110420000068
2935,코  유비벨록스,[기재정정]사업보고서 (2010.12),유비벨록스,2011.05.04,,00592653,20110420000068
2936,기  중국원양자원유한공사,[기재정정]사업보고서 (2010.12),중국원양자원유한공사,2011.05.03,연,00722500,20110420000068
2937,유  태광산업,[첨부정정]사업보고서 (2010.12),태광산업,2011.05.03,연,00153393,20110420000068
2938,유  LX인터내셔널  IR,[첨부정정]사업보고서 (2010.12),LX인터내셔널,2011.05.03,연,00120076,20110420000068
2939,유  플레이그램,[첨부정정]사업보고서 (2010.12),플레이그램,2011.05.03,연,00103130,20110420000068
2940,유  한국전자홀딩스,[첨부정정]사업보고서 (2010.12),한국전자홀딩스,2011.05.03,연,00159254,20110420000068
2941,유  SBS,[기재정정]사업보고서 (2010.12),SBS,2011.05.03,연,00130772,20110420000068
2942,기  경남기업,[첨부정정]사업보고서 (2010.12),경남기업,2011.05.03,연,00101257,20110420000068
2943,기  경남기업,[첨부정정]사업보고서 (2010.12),경남기업,2011.05.03,정연,00101257,20110420000068
2944,코  파인테크닉스,[첨부정정]사업보고서 (2010.12),파인테크닉스,2011.05.02,연,00755739,20110420000068
2945,기  신한,[기재정정]사업보고서 (2010.12),신한,2011.05.02,연,00173740,20110420000068
2946,기  신한,[기재정정]사업보고서 (2010.12),신한,2011.05.02,정연,00173740,20110420000068
2947,코  파인테크닉스,[첨부정정]사업보고서 (2010.12),파인테크닉스,2011.05.02,정연,00755739,20110420000068
2948,기  티이씨앤코,[기재정정]사업보고서 (2010.12),티이씨앤코,2011.05.02,연,00138127,20110420000068
2949,기  넥스트솔루션,사업보고서 (2010.12),넥스트솔루션,2011.05.02,,00261975,20110420000068
2950,기  차이나하오란리사이클링유한공사,사업보고서 (2010.12),차이나하오란리사이클링유한공사,2011.05.02,연,00790121,20110420000068
2951,코  이스트아시아홀딩스,사업보고서 (2010.12),이스트아시아홀딩스,2011.05.02,연,00799070,20110420000068
2952,기  에스앤씨엔진그룹리미티드,사업보고서 (2010.12),에스앤씨엔진그룹리미티드,2011.05.02,연,00786331,20110420000068
2953,코  차바이오텍  IR,[기재정정]사업보고서 (2010.12),차바이오텍,2011.05.02,연,00525679,20110420000068
2954,기  성융광전투자유한공사,사업보고서 (2010.12),성융광전투자유한공사,2011.05.02,연,00830377,20110420000068
2955,코  한일화학,[기재정정]사업보고서 (2010.12),한일화학,2011.05.02,연,00267979,20110420000068
2956,코  오상자이엘,[첨부정정]사업보고서 (2010.12),오상자이엘,2011.05.02,연,00226547,20110420000068
2957,코  메가스터디,[기재정정]사업보고서 (2010.12),메가스터디,2011.05.02,연,00422284,20110420000068
2958,코  기산텔레콤,[첨부정정]사업보고서 (2010.12),기산텔레콤,2011.05.02,연,00258421,20110420000068
2959,코  티비씨,[기재정정]사업보고서 (2010.12),티비씨,2011.05.02,,00204642,20110420000068
2960,기  3노드디지탈그룹유한공사,사업보고서 (2010.12),3노드디지탈그룹유한공사,2011.05.02,연,00630111,20110420000068
2961,코  선광,[기재정정]사업보고서 (2010.12),선광,2011.05.02,연,00131896,20110420000068
2962,코  코맥스,[기재정정]사업보고서 (2010.12),코맥스,2011.04.29,연,00268118,20110420000068
2963,기  케이비물산,사업보고서 (2011.01),케이비물산,2011.04.29,,00154189,20110420000068
2964,코  심텍홀딩스,[첨부정정]사업보고서 (2010.12),심텍홀딩스,2011.04.29,연,00152127,20110420000068
2965,코  심텍홀딩스,[기재정정]사업보고서 (2010.12),심텍홀딩스,2011.04.29,정연,00152127,20110420000068
2966,기  더스텔라,[기재정정]사업보고서 (2010.12),더스텔라,2011.04.29,연,00307037,20110420000068
2967,유  GS건설,[기재정정]사업보고서 (2010.12),GS건설,2011.04.29,연,00120030,20110420000068
2968,유  동아쏘시오홀딩스,[기재정정]사업보고서 (2010.12),동아쏘시오홀딩스,2011.04.29,연,00116824,20110420000068
2969,코  SGA,[기재정정]사업보고서 (2010.12),SGA,2011.04.29,연,00351579,20110420000068
2970,코  코다코,[기재정정]사업보고서 (2010.12),코다코,2011.04.29,,00295857,20110420000068
2971,기  지나인제약,[기재정정]사업보고서 (2010.12),지나인제약,2011.04.29,연,00477257,20110420000068
2972,기  중국원양자원유한공사,사업보고서 (2010.12),중국원양자원유한공사,2011.04.29,정연,00722500,20110420000068
2973,코  한국선재,[기재정정]사업보고서 (2010.12),한국선재,2011.04.29,연,00158015,20110420000068
2974,기  연합과기공고유한공사,사업보고서 (2010.12),연합과기공고유한공사,2011.04.29,연,00680161,20110420000068
2975,기  신비앤텍,[기재정정]사업보고서 (2010.12),신비앤텍,2011.04.29,연,00446479,20110420000068
2976,코  오상자이엘,[기재정정]사업보고서 (2010.12),오상자이엘,2011.04.29,정연,00226547,20110420000068
2977,기  미리넷,[기재정정]사업보고서 (2010.12),미리넷,2011.04.29,연,00361035,20110420000068
2978,코  애머릿지,사업보고서 (2010.12),애머릿지,2011.04.29,연,00781202,20110420000068
2979,기  일화모직공업,[기재정정]사업보고서 (2010.11),일화모직공업,2011.04.29,,00146719,20110420000068
2980,코  EG,[첨부정정]사업보고서 (2010.12),EG,2011.04.29,연,00261054,20110420000068
2981,유  엘브이엠씨,사업보고서 (2010.12),엘브이엠씨,2011.04.28,연,00838500,20110420000068
2982,기  일화모직공업,[기재정정]사업보고서 (2010.11),일화모직공업,2011.04.28,정,00146719,20110420000068
2983,기  웨이포트유한공사,사업보고서 (2010.12),웨이포트유한공사,2011.04.28,연,00823687,20110420000068
2984,기  비엠더블유파이낸셜서비스코리아,[첨부정정]사업보고서 (2010.12),비엠더블유파이낸셜서비스코리아,2011.04.27,,00414300,20110420000068
2985,코  동국알앤에스,[기재정정]사업보고서 (2010.12),동국알앤에스,2011.04.27,,00472890,20110420000068
2986,코  오공,[첨부정정]사업보고서 (2010.12),오공,2011.04.27,연,00220969,20110420000068
2987,코  인피니트헬스케어,[기재정정]사업보고서 (2010.12),인피니트헬스케어,2011.04.27,정,00435969,20110420000068
2988,유  페이퍼코리아,[기재정정]사업보고서 (2010.12),페이퍼코리아,2011.04.26,연,00134723,20110420000068
2989,유  무학,[기재정정]사업보고서 (2010.12),무학,2011.04.26,,00121543,20110420000068
2990,코  오성첨단소재,[첨부정정]사업보고서 (2010.12),오성첨단소재,2011.04.25,연,00350048,20110420000068
2991,유  영풍제지,[기재정정]사업보고서 (2010.12),영풍제지,2011.04.25,,00141404,20110420000068
2992,코  아이디스홀딩스,[기재정정]사업보고서 (2010.12),아이디스홀딩스,2011.04.25,연,00359580,20110420000068
2993,코  휴림에이텍,[기재정정]사업보고서 (2010.12),휴림에이텍,2011.04.22,,00230814,20110420000068
2994,유  한국무브넥스,[기재정정]사업보고서 (2010.12),한국무브넥스,2011.04.22,정연,00160418,20110420000068
2995,유  태영건설,[기재정정]사업보고서 (2010.12),태영건설,2011.04.22,연,00153861,20110420000068
2996,기  현대캐피탈,[기재정정]사업보고서 (2010.12),현대캐피탈,2011.04.21,,00208514,20110420000068
2997,코  서호전기,[기재정정]사업보고서 (2010.12),서호전기,2011.04.21,정,00220622,20110420000068
2998,기  차이나그레이트스타인터내셔널리미티드,사업보고서 (2010.12),차이나그레이트스타인터내셔널리미티드,2011.04.21,연,00695464,20110420000068
2999,기  건영,[기재정정]사업보고서 (2010.12),건영,2011.04.20,,00100957,20110420000068
3000,코  인포뱅크,[기재정정]사업보고서 (2010.12),인포뱅크,2011.04.20,,00243757,20110420000068
3001,기  호반산업,[기재정정]사업보고서 (2010.12),호반산업,2011.04.18,,00144766,20110331003044
3002,기  신비앤텍,[기재정정]사업보고서 (2010.12),신비앤텍,2011.04.15,정연,00446479,20110331003044
3003,기  넷피아,사업보고서 (2010.12),넷피아,2011.04.15,,00262336,20110331003044
3004,유  대성산업,[기재정정]사업보고서 (2010.12),대성산업,2011.04.15,연,00828789,20110331003044
3005,기  케이피지엠,사업보고서 (2010.12),케이피지엠,2011.04.15,,00436676,20110331003044
3006,기  사이프러스인베스트먼트,사업보고서 (2010.12),사이프러스인베스트먼트,2011.04.15,연,00852582,20110331003044
3007,유  문배철강,[첨부정정]사업보고서 (2010.12),문배철강,2011.04.15,연,00121570,20110331003044
3008,기  유미홀딩스,사업보고서 (2010.12),유미홀딩스,2011.04.14,,00384823,20110331003044
3009,유  지누스  IR,사업보고서 (2010.12),지누스,2011.04.14,연,00150633,20110331003044
3010,기  인젠,사업보고서 (2010.12),인젠,2011.04.14,,00352295,20110331003044
3011,유  동아쏘시오홀딩스,[기재정정]사업보고서 (2010.12),동아쏘시오홀딩스,2011.04.14,정연,00116824,20110331003044
3012,기  코리아닷컴커뮤니케이션즈,사업보고서 (2010.12),코리아닷컴커뮤니케이션즈,2011.04.14,,00378442,20110331003044
3013,기  지오엠씨,사업보고서 (2010.12),지오엠씨,2011.04.13,,00232317,20110331003044
3014,유  POSCO홀딩스,[기재정정]사업보고서 (2010.12),POSCO홀딩스,2011.04.13,연,00155319,20110331003044
3015,기  마이크로사이언스테크  IR,사업보고서 (2010.12),마이크로사이언스테크,2011.04.13,,00262761,20110331003044
3016,유  KH 필룩스,[기재정정]사업보고서 (2010.12),KH 필룩스,2011.04.13,연,00193009,20110331003044
3017,기  에듀언스,[기재정정]사업보고서 (2010.12),에듀언스,2011.04.13,연,00173634,20110331003044
3018,코  쎄니트,[기재정정]사업보고서 (2010.12),쎄니트,2011.04.12,연,00239596,20110331003044
3019,코  유신,[첨부정정]사업보고서 (2010.12),유신,2011.04.12,,00144650,20110331003044
3020,기  에코솔루션,사업보고서 (2010.12),에코솔루션,2011.04.11,,00346966,20110331003044
3021,기  뉴젠아이씨티,사업보고서 (2010.12),뉴젠아이씨티,2011.04.08,,00350118,20110331003044
3022,기  장금상선,사업보고서 (2010.12),장금상선,2011.04.08,연,00301705,20110331003044
3023,기  신대성전기,사업보고서 (2010.12),신대성전기,2011.04.07,정,00110538,20110331003044
3024,기  삼우이엠씨,[기재정정]사업보고서 (2010.12),삼우이엠씨,2011.04.07,연,00127370,20110331003044
3025,코  캠시스,[첨부정정]사업보고서 (2010.12),캠시스,2011.04.07,연,00330044,20110331003044
3026,기  코웰이홀딩스유한공사,사업보고서 (2010.12),코웰이홀딩스유한공사,2011.04.07,연,00642648,20110331003044
3027,유  SNT홀딩스,[기재정정]사업보고서 (2010.12),SNT홀딩스,2011.04.06,연,00225159,20110331003044
3028,기  시노펙스그린테크,[기재정정]사업보고서 (2010.12),시노펙스그린테크,2011.04.06,연,00261212,20110331003044
3029,유  세아제강지주,[기재정정]사업보고서 (2010.12),세아제강지주,2011.04.06,연,00124197,20110331003044
3030,기  국제건설,[기재정정]사업보고서 (2010.12),국제건설,2011.04.06,정,00788241,20110331003044
3031,기  아이.지.앰.,사업보고서 (2010.12),아이.지.앰.,2011.04.06,,00168012,20110331003044
3032,코  켐트로닉스,[기재정정]사업보고서 (2010.12),켐트로닉스,2011.04.05,연,00371485,20110331003044
3033,코  톱텍,[기재정정]사업보고서 (2010.12),톱텍,2011.04.05,연,00531917,20110331003044
3034,기  이랜드월드,[기재정정]사업보고서 (2010.12),이랜드월드,2011.04.05,연,00207108,20110331003044
3035,기  세아창원특수강,[기재정정]사업보고서 (2010.12),세아창원특수강,2011.04.05,,00231512,20110331003044
3036,기  하나은행,[기재정정]사업보고서 (2010.12),하나은행,2011.04.05,연,00158909,20110331003044
3037,유  삼일제약,[기재정정]사업보고서 (2010.12),삼일제약,2011.04.05,,00128032,20110331003044
3038,유  셀트리온,[기재정정]사업보고서 (2010.12),셀트리온,2011.04.05,,00413046,20110331003044
3039,유  HMM,[기재정정]사업보고서 (2010.12),HMM,2011.04.04,연,00164645,20110331003044
3040,기  엠피씨플러스,[기재정정]사업보고서 (2010.12),엠피씨플러스,2011.04.04,연,00302078,20110331003044
3041,코  부스타,[기재정정]사업보고서 (2010.12),부스타,2011.04.04,,00124276,20110331003044
3042,기  우리담배,사업보고서 (2010.12),우리담배,2011.04.01,,00596534,20110331003044
3043,기  대주코레스,사업보고서 (2010.12),대주코레스,2011.04.01,,00133715,20110331003044
3044,기  티맥스소프트,[기재정정]사업보고서 (2010.12),티맥스소프트,2011.04.01,,00340111,20110331003044
3045,기  아주엠씨엠,사업보고서 (2010.12),아주엠씨엠,2011.04.01,,00312084,20110331003044
3046,기  현대캐피탈아메리카,사업보고서 (2010.12),현대캐피탈아메리카,2011.04.01,,00760500,20110331003044
3047,기  스톰이앤에프,[기재정정]사업보고서 (2010.12),스톰이앤에프,2011.04.01,,00264796,20110331003044
3048,코  파트론,[기재정정]사업보고서 (2010.12),파트론,2011.04.01,연,00490151,20110331003044
3049,유  DL,[첨부정정]사업보고서 (2010.12),DL,2011.04.01,연,00109693,20110331003044
3050,기  엘앤피아너스,사업보고서 (2010.12),엘앤피아너스,2011.03.31,연,00298252,20110331003044
3051,기  농업회사법인합천유통,사업보고서 (2010.12),농업회사법인합천유통,2011.03.31,,00777953,20110331003044
3052,기  나이스메탈,사업보고서 (2010.12),나이스메탈,2011.03.31,,00408585,20110331003044
3053,유  계양전기  IR,[기재정정]사업보고서 (2010.12),계양전기,2011.03.31,연,00102618,20110331003044
3054,코  오리엔트정공,사업보고서 (2010.12),오리엔트정공,2011.03.31,,00300405,20110331003044
3055,기  하나은행,사업보고서 (2010.12),하나은행,2011.03.31,연,00130897,20110331003044
3056,기  피엔에스커튼월,사업보고서 (2010.12),피엔에스커튼월,2011.03.31,,00107303,20110331003044
3057,기  중앙디자인,사업보고서 (2010.12),중앙디자인,2011.03.31,,00200761,20110331003044
3058,기  삼우이엠씨,사업보고서 (2010.12),삼우이엠씨,2011.03.31,정연,00127370,20110331003044
3059,코  부스타,사업보고서 (2010.12),부스타,2011.03.31,정,00124276,20110331003044
3060,기  이지시스템,사업보고서 (2010.12),이지시스템,2011.03.31,,00312048,20110331003044
3061,유  대한전선,사업보고서 (2010.12),대한전선,2011.03.31,연,00113207,20110331003044
3062,기  신한,사업보고서 (2010.12),신한,2011.03.31,정연,00173740,20110331003044
3063,기  에코페트로시스템,사업보고서 (2010.12),에코페트로시스템,2011.03.31,,00268297,20110331003044
3064,코  나이스정보통신,사업보고서 (2010.12),나이스정보통신,2011.03.31,,00264945,20110331003044
3065,기  씨앤에이치캐피탈,사업보고서 (2010.12),씨앤에이치캐피탈,2011.03.31,,00792484,20110331003044
3066,기  평택에너지앤파워,사업보고서 (2010.12),평택에너지앤파워,2011.03.31,,00683450,20110331003044
3067,기  씨제이지엘에스,사업보고서 (2010.12),씨제이지엘에스,2011.03.31,,00206747,20110331003044
3068,기  엠엔에프씨,사업보고서 (2010.12),엠엔에프씨,2011.03.31,,00236368,20110331003044
3069,기  케이알제2호개발전문위탁관리부동산투자회사,사업보고서 (2010.12),케이알제2호개발전문위탁관리부동산투자회사,2011.03.31,,00647917,20110331003044
3070,기  스틸플라워,[기재정정]사업보고서 (2010.12),스틸플라워,2011.03.31,연,00454265,20110331003044
3071,코  프로텍,[기재정정]사업보고서 (2010.12),프로텍,2011.03.31,,00325112,20110331003044
3072,유  제주은행,사업보고서 (2010.12),제주은행,2011.03.31,연,00148832,20110331003044
3073,기  더다올,사업보고서 (2010.12),더다올,2011.03.31,,00407391,20110331003044
3074,기  비엠더블유파이낸셜서비스코리아,[기재정정]사업보고서 (2010.12),비엠더블유파이낸셜서비스코리아,2011.03.31,정,00414300,20110331003044
3075,기  케이에스리소스,사업보고서 (2010.12),케이에스리소스,2011.03.31,,00385451,20110331003044
3076,유  벽산,사업보고서 (2010.12),벽산,2011.03.31,연,00122898,20110331003044
3077,기  플랜텍,[기재정정]사업보고서 (2010.12),플랜텍,2011.03.31,,00181934,20110331003044
3078,기  대농,사업보고서 (2010.12),대농,2011.03.31,,00109107,20110331003044
3079,코  웹케시,[기재정정]사업보고서 (2010.12),웹케시,2011.03.31,,00323868,20110331003044
3080,유  KEC,사업보고서 (2010.12),KEC,2011.03.31,연,00589127,20110331003044
3081,코  인피니트헬스케어,사업보고서 (2010.12),인피니트헬스케어,2011.03.31,정,00435969,20110331003044
3082,유  페이퍼코리아,사업보고서 (2010.12),페이퍼코리아,2011.03.31,정연,00134723,20110331003044
3083,코  솔본,사업보고서 (2010.12),솔본,2011.03.31,연,00249982,20110331003044
3084,기  씨티앤티,사업보고서 (2010.12),씨티앤티,2011.03.31,,00334493,20110331003044
3085,유  HD한국조선해양,사업보고서 (2010.12),HD한국조선해양,2011.03.31,정연,00164830,20110331003044
3086,유  노루홀딩스,사업보고서 (2010.12),노루홀딩스,2011.03.31,연,00113508,20110331003044
3087,기  이수,사업보고서 (2010.12),이수,2011.03.31,연,00461618,20110331003044
3088,유  SK디스커버리,사업보고서 (2010.12),SK디스커버리,2011.03.31,연,00131832,20110331003044
3089,기  엘앤씨피,사업보고서 (2010.12),엘앤씨피,2011.03.31,,00191108,20110331003044
3090,유  두산,사업보고서 (2010.12),두산,2011.03.31,연,00117212,20110331003044
3091,기  엔스퍼트,사업보고서 (2010.12),엔스퍼트,2011.03.31,,00595243,20110331003044
3092,유  SK네트웍스,사업보고서 (2010.12),SK네트웍스,2011.03.31,연,00131780,20110331003044
3093,유  케이씨씨  IR,[기재정정]사업보고서 (2010.12),케이씨씨,2011.03.31,연,00105271,20110331003044
3094,유  고려아연,사업보고서 (2010.12),고려아연,2011.03.31,연,00102858,20110331003044
3095,코  코리아에프티,사업보고서 (2010.12),코리아에프티,2011.03.31,,00803425,20110331003044
3096,기  한국제지,사업보고서 (2010.12),한국제지,2011.03.31,연,00159412,20110331003044
3097,기  두산캐피탈,[기재정정]사업보고서 (2010.12),두산캐피탈,2011.03.31,연,00224691,20110331003044
3098,유  두산에너빌리티,사업보고서 (2010.12),두산에너빌리티,2011.03.31,연,00159616,20110331003044
3099,코  경남제약,사업보고서 (2010.12),경남제약,2011.03.31,연,00307028,20110331003044
3100,기  우리금융캐피탈,사업보고서 (2010.12),우리금융캐피탈,2011.03.31,연,00209443,20110331003044
3101,코  대성창투,사업보고서 (2010.12),대성창투,2011.03.31,,00109037,20110331002847
3102,유  SK하이닉스,사업보고서 (2010.12),SK하이닉스,2011.03.31,연,00164779,20110331002847
3103,유  SGC에너지,사업보고서 (2010.12),SGC에너지,2011.03.31,연,00125150,20110331002847
3104,유  롯데지주  IR,사업보고서 (2010.12),롯데지주,2011.03.31,연,00120562,20110331002847
3105,기  헤파호프코리아,사업보고서 (2010.12),헤파호프코리아,2011.03.31,,00267094,20110331002847
3106,코  바텍  IR,사업보고서 (2010.12),바텍,2011.03.31,,00264255,20110331002847
3107,유  현대모비스,사업보고서 (2010.12),현대모비스,2011.03.31,연,00164788,20110331002847
3108,기  건영,사업보고서 (2010.12),건영,2011.03.31,정,00100957,20110331002847
3109,기  넥슨지티,사업보고서 (2010.12),넥슨지티,2011.03.31,,00266943,20110331002847
3110,기  삼성물산,사업보고서 (2010.12),삼성물산,2011.03.31,연,00126229,20110331002847
3111,유  세방,사업보고서 (2010.12),세방,2011.03.31,연,00133812,20110331002847
3112,코  파인디앤씨,사업보고서 (2010.12),파인디앤씨,2011.03.31,,00350020,20110331002847
3113,코  주성엔지니어링,사업보고서 (2010.12),주성엔지니어링,2011.03.31,연,00252135,20110331002847
3114,유  해태제과식품,사업보고서 (2010.12),해태제과식품,2011.03.31,,00428321,20110331002847
3115,유  SIMPAC,사업보고서 (2010.12),SIMPAC,2011.03.31,연,00138260,20110331002847
3116,유  동양철관,사업보고서 (2010.12),동양철관,2011.03.31,연,00117629,20110331002847
3117,코  아주IB투자,사업보고서 (2010.12),아주IB투자,2011.03.31,,00156895,20110331002847
3118,코  DMS,사업보고서 (2010.12),DMS,2011.03.31,정연,00361594,20110331002847
3119,유  HL홀딩스,사업보고서 (2010.12),HL홀딩스,2011.03.31,연,00299002,20110331002847
3120,기  한화글로벌에셋,사업보고서 (2010.12),한화글로벌에셋,2011.03.31,,00262114,20110331002847
3121,유  백산,사업보고서 (2010.12),백산,2011.03.31,연,00122551,20110331002847
3122,코  에코프로  IR,[기재정정]사업보고서 (2010.12),에코프로,2011.03.31,,00536541,20110331002847
3123,코  이노와이어리스,[기재정정]사업보고서 (2010.12),이노와이어리스,2011.03.31,,00462121,20110331002847
3124,유  하나금융지주,사업보고서 (2010.12),하나금융지주,2011.03.31,연,00547583,20110331002847
3125,코  THE E&M,사업보고서 (2010.12),THE E&M,2011.03.31,,00519252,20110331002847
3126,기  롯데알미늄,사업보고서 (2010.12),롯데알미늄,2011.03.31,연,00120535,20110331002847
3127,코  구영테크,사업보고서 (2010.12),구영테크,2011.03.31,정연,00202060,20110331002847
3128,기  에스컴,사업보고서 (2010.12),에스컴,2011.03.31,,00125929,20110331002847
3129,기  비엔씨컴퍼니,사업보고서 (2010.12),비엔씨컴퍼니,2011.03.31,,00372989,20110331002847
3130,코  유아이디,사업보고서 (2010.12),유아이디,2011.03.31,,00400121,20110331002847
3131,코  대봉엘에스,사업보고서 (2010.12),대봉엘에스,2011.03.31,,00442826,20110331002847
3132,유  아이에스동서,사업보고서 (2010.12),아이에스동서,2011.03.31,연,00115977,20110331002847
3133,기  씨티엘테크,사업보고서 (2010.12),씨티엘테크,2011.03.31,연,00355821,20110331002847
3134,유  현대건설,사업보고서 (2010.12),현대건설,2011.03.31,연,00164478,20110331002847
3135,기  씨모텍,사업보고서 (2010.12),씨모텍,2011.03.31,연,00582054,20110331002847
3136,기  티이씨앤코,[기재정정]사업보고서 (2010.12),티이씨앤코,2011.03.31,정연,00138127,20110331002847
3137,유  인바이오젠,사업보고서 (2010.12),인바이오젠,2011.03.31,정,00652423,20110331002847
3138,기  이랜드월드,사업보고서 (2010.12),이랜드월드,2011.03.31,정연,00207108,20110331002847
3139,기  금빛,사업보고서 (2010.12),금빛,2011.03.31,연,00455112,20110331002847
3140,유  서연,사업보고서 (2010.12),서연,2011.03.31,연,00163114,20110331002847
3141,기  다산자기관리부동산투자회사,사업보고서 (2010.12),다산자기관리부동산투자회사,2011.03.31,정,00686970,20110331002847
3142,기  제네시스디벨롭먼트홀딩스,사업보고서 (2010.12),제네시스디벨롭먼트홀딩스,2011.03.31,정연,00350738,20110331002847
3143,코  피노,사업보고서 (2010.12),피노,2011.03.31,,00276083,20110331002847
3144,기  씨디네트웍스,사업보고서 (2010.12),씨디네트웍스,2011.03.31,연,00493501,20110331002847
3145,유  신세계  IR,사업보고서 (2010.12),신세계,2011.03.31,연,00136378,20110331002847
3146,기  훈영,사업보고서 (2010.12),훈영,2011.03.31,,00188946,20110331002847
3147,코  삼표시멘트,사업보고서 (2010.12),삼표시멘트,2011.03.31,연,00239639,20110331002847
3148,유  HDC,사업보고서 (2010.12),HDC,2011.03.31,연,00164636,20110331002847
3149,기  씨제이이앤엠,사업보고서 (2010.12),씨제이이앤엠,2011.03.31,정연,00838421,20110331002847
3150,유  현대백화점,사업보고서 (2010.12),현대백화점,2011.03.31,연,00428251,20110331002847
3151,코  네이처셀,사업보고서 (2010.12),네이처셀,2011.03.31,연,00117276,20110331002847
3152,유  LG화학,사업보고서 (2010.12),LG화학,2011.03.31,연,00356361,20110331002847
3153,유  동양,사업보고서 (2010.12),동양,2011.03.31,연,00117337,20110331002847
3154,유  한일현대시멘트,사업보고서 (2010.12),한일현대시멘트,2011.03.31,연,00164672,20110331002847
3155,유  한진,사업보고서 (2010.12),한진,2011.03.31,연,00163512,20110331002847
3156,유  삼성카드,사업보고서 (2010.12),삼성카드,2011.03.31,,00126292,20110331002847
3157,유  신한지주,사업보고서 (2010.12),신한지주,2011.03.31,정연,00382199,20110331002847
3158,유  유수홀딩스,사업보고서 (2010.12),유수홀딩스,2011.03.31,연,00163691,20110331002847
3159,기  드림위즈,사업보고서 (2010.12),드림위즈,2011.03.31,,00336288,20110331002847
3160,기  맥스브로,사업보고서 (2010.12),맥스브로,2011.03.31,,00560991,20110331002847
3161,유  HD현대인프라코어,사업보고서 (2010.12),HD현대인프라코어,2011.03.31,연,00344287,20110331002847
3162,기  카카오엠,사업보고서 (2010.12),카카오엠,2011.03.31,,00130949,20110331002847
3163,유  대림비앤코,사업보고서 (2010.12),대림비앤코,2011.03.31,연,00109754,20110331002847
3164,기  한화호텔앤드리조트,사업보고서 (2010.12),한화호텔앤드리조트,2011.03.31,,00254948,20110331002847
3165,코  원익홀딩스,사업보고서 (2010.12),원익홀딩스,2011.03.31,연,00216647,20110331002847
3166,유  한국주강,[기재정정]사업보고서 (2010.12),한국주강,2011.03.31,,00159564,20110331002847
3167,유  LX인터내셔널  IR,사업보고서 (2010.12),LX인터내셔널,2011.03.31,정연,00120076,20110331002847
3168,기  심팩인더스트리,사업보고서 (2010.12),심팩인더스트리,2011.03.31,,00123648,20110331002847
3169,기  셀런,사업보고서 (2010.12),셀런,2011.03.31,,00134051,20110331002847
3170,유  현대홈쇼핑,사업보고서 (2010.12),현대홈쇼핑,2011.03.31,,00412597,20110331002847
3171,기  에스엘엘중앙,사업보고서 (2010.12),에스엘엘중앙,2011.03.31,,00299367,20110331002847
3172,기  지앤알,사업보고서 (2010.12),지앤알,2011.03.31,,00267474,20110331002847
3173,유  동부건설,사업보고서 (2010.12),동부건설,2011.03.31,정연,00115612,20110331002847
3174,코  메타바이오메드,[기재정정]사업보고서 (2010.12),메타바이오메드,2011.03.31,,00317681,20110331002847
3175,유  사조산업,사업보고서 (2010.12),사조산업,2011.03.31,연,00124799,20110331002847
3176,기  한화건설,사업보고서 (2010.12),한화건설,2011.03.31,,00424529,20110331002847
3177,유  롯데칠성음료  IR,사업보고서 (2010.12),롯데칠성음료,2011.03.31,정연,00120571,20110331002847
3178,기  두산건설  IR,사업보고서 (2010.12),두산건설,2011.03.31,연,00102760,20110331002847
3179,기  현진소재,사업보고서 (2010.12),현진소재,2011.03.31,연,00188715,20110331002847
3180,기  성원건설,사업보고서 (2010.12),성원건설,2011.03.31,연,00133034,20110331002847
3181,유  미래산업,사업보고서 (2010.12),미래산업,2011.03.31,,00197759,20110331002847
3182,유  삼성E&A,사업보고서 (2010.12),삼성E&A,2011.03.31,연,00126308,20110331002847
3183,기  평안물산,사업보고서 (2010.12),평안물산,2011.03.31,,00260693,20110331002847
3184,기  셀트리온스킨큐어,사업보고서 (2010.12),셀트리온스킨큐어,2011.03.31,,00394583,20110331002847
3185,기  도레이케미칼,사업보고서 (2010.12),도레이케미칼,2011.03.31,연,00148717,20110331002847
3186,기  현대DSF,사업보고서 (2010.12),현대DSF,2011.03.31,,00173333,20110331002847
3187,코  시너지이노베이션  IR,사업보고서 (2010.12),시너지이노베이션,2011.03.31,,00475985,20110331002847
3188,코  지어소프트,사업보고서 (2010.12),지어소프트,2011.03.31,,00389110,20110331002847
3189,유  롯데케미칼  IR,사업보고서 (2010.12),롯데케미칼,2011.03.31,연,00165413,20110331002847
3190,유  KG스틸,사업보고서 (2010.12),KG스틸,2011.03.31,연,00115676,20110331002847
3191,기  세왕,사업보고서 (2010.12),세왕,2011.03.31,,00609254,20110331002847
3192,기  한국씨티금융지주,사업보고서 (2010.12),한국씨티금융지주,2011.03.31,정연,00859707,20110331002847
3193,기  아이스테이션,사업보고서 (2010.12),아이스테이션,2011.03.31,,00386557,20110331002847
3194,유  기아,사업보고서 (2010.12),기아,2011.03.31,연,00106641,20110331002847
3195,기  아이디에스,사업보고서 (2010.12),아이디에스,2011.03.31,연,00446460,20110331002847
3196,유  한화  IR,사업보고서 (2010.12),한화,2011.03.31,연,00160588,20110331002847
3197,유  한화엔진,사업보고서 (2010.12),한화엔진,2011.03.31,,00361008,20110331002847
3198,코  상지건설  IR,사업보고서 (2010.12),상지건설,2011.03.31,연,00232007,20110331002847
3199,유  HMM,사업보고서 (2010.12),HMM,2011.03.31,정연,00164645,20110331002847
3200,기  삼성전자서비스,사업보고서 (2010.12),삼성전자서비스,2011.03.31,,00258999,20110331002847
3201,유  팬오션,사업보고서 (2010.12),팬오션,2011.03.31,연,00122737,20110331002621
3202,기  롯데미도파,사업보고서 (2010.12),롯데미도파,2011.03.31,,00121729,20110331002621
3203,기  경남기업,사업보고서 (2010.12),경남기업,2011.03.31,정연,00101257,20110331002621
3204,코  엠게임,사업보고서 (2010.12),엠게임,2011.03.31,연,00397058,20110331002621
3205,기  중앙일보,사업보고서 (2010.12),중앙일보,2011.03.31,연,00149813,20110331002621
3206,코  일신바이오,사업보고서 (2010.12),일신바이오,2011.03.31,,00385415,20110331002621
3207,기  세븐코스프,사업보고서 (2010.12),세븐코스프,2011.03.31,,00103121,20110331002621
3208,기  SK실트론,사업보고서 (2010.12),SK실트론,2011.03.31,연,00138020,20110331002621
3209,코  더라미,사업보고서 (2010.12),더라미,2011.03.31,,00205687,20110331002621
3210,코  오로라,사업보고서 (2010.12),오로라,2011.03.31,연,00141556,20110331002621
3211,기  케이비캐피탈,사업보고서 (2010.12),케이비캐피탈,2011.03.31,,00161408,20110331002621
3212,기  씽크풀,사업보고서 (2010.12),씽크풀,2011.03.31,,00355380,20110331002621
3213,기  시큐아이,사업보고서 (2010.12),시큐아이,2011.03.31,,00294511,20110331002621
3214,유  현대퓨처넷,사업보고서 (2010.12),현대퓨처넷,2011.03.31,연,00403632,20110331002621
3215,유  하이트진로홀딩스,사업보고서 (2010.12),하이트진로홀딩스,2011.03.31,연,00148993,20110331002621
3216,코  엑시온그룹,사업보고서 (2010.12),엑시온그룹,2011.03.31,,00426068,20110331002621
3217,코  매일홀딩스,사업보고서 (2010.12),매일홀딩스,2011.03.31,연,00120924,20110331002621
3218,기  배명금속,사업보고서 (2010.12),배명금속,2011.03.31,연,00122436,20110331002621
3219,코  알파녹스,사업보고서 (2010.12),알파녹스,2011.03.31,,00220109,20110331002621
3220,코  웹케시,사업보고서 (2010.12),웹케시,2011.03.31,정,00323868,20110331002621
3221,코  씨티씨바이오,사업보고서 (2010.12),씨티씨바이오,2011.03.31,,00362292,20110331002621
3222,기  대우송도개발,사업보고서 (2010.12),대우송도개발,2011.03.31,연,00161028,20110331002621
3223,기  엠캐피탈,[기재정정]사업보고서 (2010.12),엠캐피탈,2011.03.31,,00248938,20110331002621
3224,코  KCC건설,사업보고서 (2010.12),KCC건설,2011.03.31,,00105466,20110331002621
3225,기  한일네트웍스,사업보고서 (2010.12),한일네트웍스,2011.03.31,,00277736,20110331002621
3226,유  농심홀딩스,사업보고서 (2010.12),농심홀딩스,2011.03.31,연,00459871,20110331002621
3227,유  한화솔루션,사업보고서 (2010.12),한화솔루션,2011.03.31,연,00162461,20110331002621
3228,코  푸른소나무,사업보고서 (2010.12),푸른소나무,2011.03.31,연,00410739,20110331002621
3229,기  한진해운,사업보고서 (2010.12),한진해운,2011.03.31,연,00790501,20110331002621
3230,유  에스원,사업보고서 (2010.12),에스원,2011.03.31,연,00158501,20110331002621
3231,기  KBS인터넷,사업보고서 (2010.12),KBS인터넷,2011.03.31,,00310271,20110331002621
3232,코  코디,사업보고서 (2010.12),코디,2011.03.31,정,00308559,20110331002621
3233,기  에스엠바로코사,사업보고서 (2010.12),에스엠바로코사,2011.03.31,,00496207,20110331002621
3234,기  모아에스앤에스,사업보고서 (2010.12),모아에스앤에스,2011.03.31,연,00350251,20110331002621
3235,기  프리젠,사업보고서 (2010.12),프리젠,2011.03.31,,00353230,20110331002621
3236,유  DL,사업보고서 (2010.12),DL,2011.03.31,정연,00109693,20110331002621
3237,기  광주은행,사업보고서 (2010.12),광주은행,2011.03.31,연,00104078,20110331002621
3238,기  디패션,사업보고서 (2010.12),디패션,2011.03.31,정,00228916,20110331002621
3239,코  나노신소재,사업보고서 (2010.12),나노신소재,2011.03.31,,00439965,20110331002621
3240,유  금호타이어,사업보고서 (2010.12),금호타이어,2011.03.31,연,00481454,20110331002621
3241,유  대우건설,사업보고서 (2010.12),대우건설,2011.03.31,연,00124540,20110331002621
3242,기  에이디모터스,사업보고서 (2010.12),에이디모터스,2011.03.31,정,00266989,20110331002621
3243,유  HJ중공업,사업보고서 (2010.12),HJ중공업,2011.03.31,연,00633835,20110331002621
3244,기  전북개발공사,사업보고서 (2010.12),전북개발공사,2011.03.31,정,00858577,20110331002621
3245,기  동아건설산업,사업보고서 (2010.12),동아건설산업,2011.03.31,,00116578,20110331002621
3246,코  한국팩키지,사업보고서 (2010.12),한국팩키지,2011.03.31,,00198192,20110331002621
3247,기  위너지스,사업보고서 (2010.12),위너지스,2011.03.31,,00207223,20110331002621
3248,기  티맥스소프트,사업보고서 (2010.12),티맥스소프트,2011.03.31,정,00340111,20110331002621
3249,코  피에이치에이,사업보고서 (2010.12),피에이치에이,2011.03.31,연,00155151,20110331002621
3250,유  이수화학,사업보고서 (2010.12),이수화학,2011.03.31,연,00145552,20110331002621
3251,유  DB하이텍,사업보고서 (2010.12),DB하이텍,2011.03.31,정연,00160843,20110331002621
3252,코  아이톡시,사업보고서 (2010.12),아이톡시,2011.03.31,,00346911,20110331002621
3253,코  메타바이오메드,사업보고서 (2010.12),메타바이오메드,2011.03.31,정,00317681,20110331002621
3254,유  아시아나항공,사업보고서 (2010.12),아시아나항공,2011.03.31,연,00138792,20110331002621
3255,유  LG  IR,사업보고서 (2010.12),LG,2011.03.31,연,00120021,20110331002621
3256,기  에스비아이앤솔로몬드림기업인수목적,사업보고서 (2010.12),에스비아이앤솔로몬드림기업인수목적,2011.03.31,,00812229,20110331002621
3257,기  유니텍전자,사업보고서 (2010.12),유니텍전자,2011.03.31,,00265078,20110331002621
3258,기  화성도시공사,사업보고서 (2010.12),화성도시공사,2011.03.31,,00858355,20110331002621
3259,유  신일전자,사업보고서 (2010.12),신일전자,2011.03.31,연,00173698,20110331002621
3260,유  온타이드,사업보고서 (2010.12),온타이드,2011.03.31,연,00168331,20110331002621
3261,유  이월드,사업보고서 (2010.12),이월드,2011.03.31,,00540605,20110331002621
3262,유  휠라홀딩스,사업보고서 (2010.12),휠라홀딩스,2011.03.31,연,00195229,20110331002621
3263,기  세계투어,사업보고서 (2010.12),세계투어,2011.03.31,,00258944,20110331002621
3264,유  GS건설,사업보고서 (2010.12),GS건설,2011.03.31,정연,00120030,20110331002621
3265,유  삼화전기,사업보고서 (2010.12),삼화전기,2011.03.31,연,00129271,20110331002621
3266,기  거북선4호선박투자회사,사업보고서 (2010.12),거북선4호선박투자회사,2011.03.31,,00697329,20110331002621
3267,기  클라스타,사업보고서 (2010.12),클라스타,2011.03.31,연,00314000,20110331002621
3268,기  쌍용씨앤이,사업보고서 (2010.12),쌍용씨앤이,2011.03.31,정연,00138224,20110331002621
3269,유  포스코인터내셔널,사업보고서 (2010.12),포스코인터내셔널,2011.03.31,연,00124504,20110331002621
3270,유  STX,사업보고서 (2010.12),STX,2011.03.31,정연,00138297,20110331002621
3271,유  동성케미컬,사업보고서 (2010.12),동성케미컬,2011.03.31,연,00679314,20110331002621
3272,유  한국전자홀딩스,사업보고서 (2010.12),한국전자홀딩스,2011.03.31,정연,00159254,20110331002621
3273,기  대선조선,사업보고서 (2010.12),대선조선,2011.03.31,,00110307,20110331002621
3274,기  우리기업인수목적1호,[기재정정]사업보고서 (2010.12),우리기업인수목적1호,2011.03.31,,00803504,20110331002621
3275,기  경남은행,사업보고서 (2010.12),경남은행,2011.03.31,연,00101363,20110331002621
3276,유  대한화섬,사업보고서 (2010.12),대한화섬,2011.03.31,,00113544,20110331002621
3277,유  케이티스카이라이프,사업보고서 (2010.12),케이티스카이라이프,2011.03.31,,00349097,20110331002621
3278,기  멜파스  IR,사업보고서 (2010.12),멜파스,2011.03.31,,00609315,20110331002621
3279,유  롯데쇼핑  IR,사업보고서 (2010.12),롯데쇼핑,2011.03.31,연,00120526,20110331002621
3280,기  STX중공업,사업보고서 (2010.12),STX중공업,2011.03.31,연,00520407,20110331002621
3281,유  지역난방공사,사업보고서 (2010.12),지역난방공사,2011.03.31,연,00159698,20110331002621
3282,유  화신,사업보고서 (2010.12),화신,2011.03.31,연,00166315,20110331002621
3283,기  아인스엠앤엠,사업보고서 (2010.12),아인스엠앤엠,2011.03.31,연,00262682,20110331002621
3284,코  대원산업,사업보고서 (2010.12),대원산업,2011.03.31,연,00111874,20110331002621
3285,코  오리콤,사업보고서 (2010.12),오리콤,2011.03.31,,00141671,20110331002621
3286,기  코리아퍼시픽07호선박투자회사,사업보고서 (2010.12),코리아퍼시픽07호선박투자회사,2011.03.31,연,00637114,20110331002621
3287,코  성광벤드,사업보고서 (2010.12),성광벤드,2011.03.31,연,00132318,20110331002621
3288,기  티브로드한빛방송,사업보고서 (2010.12),티브로드한빛방송,2011.03.31,연,00270432,20110331002621
3289,기  앤알커뮤니케이션,사업보고서 (2010.12),앤알커뮤니케이션,2011.03.31,,00475736,20110331002621
3290,코  한빛소프트,사업보고서 (2010.12),한빛소프트,2011.03.31,정,00348292,20110331002621
3291,유  신세계I&C,사업보고서 (2010.12),신세계I&C,2011.03.31,,00219486,20110331002621
3292,유  한일홀딩스,사업보고서 (2010.12),한일홀딩스,2011.03.31,연,00162993,20110331002621
3293,유  한창,사업보고서 (2010.12),한창,2011.03.31,,00163716,20110331002621
3294,코  우리기술,사업보고서 (2010.12),우리기술,2011.03.31,,00231044,20110331002621
3295,유  삼성SDI,사업보고서 (2010.12),삼성SDI,2011.03.31,연,00126362,20110331002621
3296,유  LG유플러스,사업보고서 (2010.12),LG유플러스,2011.03.31,연,00231363,20110331002621
3297,기  한울정보기술,사업보고서 (2010.12),한울정보기술,2011.03.31,,00470254,20110331002621
3298,기  에스텍시스템,사업보고서 (2010.12),에스텍시스템,2011.03.31,,00362885,20110331002621
3299,유  금호전기,사업보고서 (2010.12),금호전기,2011.03.31,연,00106395,20110331002621
3300,유  콘텐트리중앙,사업보고서 (2010.12),콘텐트리중앙,2011.03.31,연,00203315,20110331002621
3301,기  롯데글로벌로지스,사업보고서 (2010.12),롯데글로벌로지스,2011.03.31,,00207676,20110331002427
3302,유  광주신세계,사업보고서 (2010.12),광주신세계,2011.03.31,,00220561,20110331002427
3303,코  CJ ENM,사업보고서 (2010.12),CJ ENM,2011.03.31,연,00265324,20110331002427
3304,기  세메스,사업보고서 (2010.12),세메스,2011.03.31,,00207737,20110331002427
3305,기  쓰리디넷,사업보고서 (2010.12),쓰리디넷,2011.03.31,,00223346,20110331002427
3306,유  동성제약,사업보고서 (2010.12),동성제약,2011.03.31,,00116268,20110331002427
3307,코  메디앙스,사업보고서 (2010.12),메디앙스,2011.03.31,,00267854,20110331002427
3308,기  한국스탠다드차타드금융지주,사업보고서 (2010.12),한국스탠다드차타드금융지주,2011.03.31,연,00776486,20110331002427
3309,유  삼화전자공업,사업보고서 (2010.12),삼화전자공업,2011.03.31,연,00129280,20110331002427
3310,기  코리아퍼시픽06호선박투자회사,사업보고서 (2010.12),코리아퍼시픽06호선박투자회사,2011.03.31,연,00592592,20110331002427
3311,코  하츠,사업보고서 (2010.12),하츠,2011.03.31,,00221728,20110331002427
3312,코  웰크론  IR,사업보고서 (2010.12),웰크론,2011.03.31,연,00362159,20110331002427
3313,기  세종,사업보고서 (2010.12),세종,2011.03.31,,00234865,20110331002427
3314,기  파이널데이터,사업보고서 (2010.12),파이널데이터,2011.03.31,,00262479,20110331002427
3315,기  우리은행,사업보고서 (2010.12),우리은행,2011.03.31,연,00254045,20110331002427
3316,기  하나은행,사업보고서 (2010.12),하나은행,2011.03.31,정연,00158909,20110331002427
3317,기  성지건설,[기재정정]사업보고서 (2010.12),성지건설,2011.03.31,,00133238,20110331002427
3318,기  현대파워텍,사업보고서 (2010.12),현대파워텍,2011.03.31,,00376602,20110331002427
3319,코  한컴위드,사업보고서 (2010.12),한컴위드,2011.03.31,,00363592,20110331002427
3320,기  성우몰드,사업보고서 (2010.12),성우몰드,2011.03.31,,00208301,20110331002427
3321,기  에스케이텔링크,사업보고서 (2010.12),에스케이텔링크,2011.03.31,,00257893,20110331002427
3322,기  코스온,사업보고서 (2010.12),코스온,2011.03.31,,00402989,20110331002427
3323,기  현대엔지니어링,사업보고서 (2010.12),현대엔지니어링,2011.03.31,,00349927,20110331002427
3324,기  전북은행,사업보고서 (2010.12),전북은행,2011.03.31,연,00147295,20110331002427
3325,기  해원에스티,사업보고서 (2010.12),해원에스티,2011.03.31,연,00252001,20110331002427
3326,기  SK,사업보고서 (2010.12),SK,2011.03.31,연,00144155,20110331002427
3327,유  금호석유화학,사업보고서 (2010.12),금호석유화학,2011.03.31,연,00106368,20110331002427
3328,유  인스코비  IR,사업보고서 (2010.12),인스코비,2011.03.31,,00122825,20110331002427
3329,기  산은캐피탈,사업보고서 (2010.12),산은캐피탈,2011.03.31,정연,00260356,20110331002427
3330,기  코크렙제15호기업구조조정부동산투자회사,사업보고서 (2010.12),코크렙제15호기업구조조정부동산투자회사,2011.03.31,,00788807,20110331002427
3331,기  알덱스,사업보고서 (2010.12),알덱스,2011.03.31,연,00114215,20110331002427
3332,기  케이조선,사업보고서 (2010.12),케이조선,2011.03.31,연,00109453,20110331002427
3333,기  지노시스템,사업보고서 (2010.12),지노시스템,2011.03.31,정,00244589,20110331002427
3334,유  SK,사업보고서 (2010.12),SK,2011.03.31,연,00181712,20110331002427
3335,기  코리아퍼시픽05호선박투자회사,사업보고서 (2010.12),코리아퍼시픽05호선박투자회사,2011.03.31,연,00592583,20110331002427
3336,유  녹십자홀딩스,사업보고서 (2010.12),녹십자홀딩스,2011.03.31,연,00108135,20110331002427
3337,기  실리콘화일,사업보고서 (2010.12),실리콘화일,2011.03.31,,00525527,20110331002427
3338,기  피엘에이,사업보고서 (2010.12),피엘에이,2011.03.31,연,00496003,20110331002427
3339,기  바다로3호선박투자회사,사업보고서 (2010.12),바다로3호선박투자회사,2011.03.31,연,00587101,20110331002427
3340,유  SKC  IR,사업보고서 (2010.12),SKC,2011.03.31,연,00139889,20110331002427
3341,코  HLB생명과학,사업보고서 (2010.12),HLB생명과학,2011.03.31,,00365590,20110331002427
3342,유  SK이노베이션,사업보고서 (2010.12),SK이노베이션,2011.03.31,연,00631518,20110331002427
3343,코  네오리진,사업보고서 (2010.12),네오리진,2011.03.31,,00599106,20110331002427
3344,유  엘에스일렉트릭,사업보고서 (2010.12),엘에스일렉트릭,2011.03.31,연,00105855,20110331002427
3345,기  태창파로스,사업보고서 (2010.12),태창파로스,2011.03.31,,00246347,20110331002427
3346,기  아시아퍼시픽8호선박투자회사,사업보고서 (2010.12),아시아퍼시픽8호선박투자회사,2011.03.31,연,00510534,20110331002427
3347,기  코리아퍼시픽04호선박투자회사,사업보고서 (2010.12),코리아퍼시픽04호선박투자회사,2011.03.31,연,00580630,20110331002427
3348,기  카리스소프트,사업보고서 (2010.12),카리스소프트,2011.03.31,,00137836,20110331002427
3349,코  세동,사업보고서 (2010.12),세동,2011.03.31,연,00133663,20110331002427
3350,기  아이리스이십일,사업보고서 (2010.12),아이리스이십일,2011.03.31,,00268880,20110331002427
3351,코  그린생명과학,사업보고서 (2010.12),그린생명과학,2011.03.31,,00532059,20110331002427
3352,유  WISCOM,사업보고서 (2010.12),WISCOM,2011.03.31,연,00142865,20110331002427
3353,기  에듀언스,사업보고서 (2010.12),에듀언스,2011.03.31,정연,00173634,20110331002427
3354,유  호텔신라,사업보고서 (2010.12),호텔신라,2011.03.31,연,00165680,20110331002427
3355,유  롯데정밀화학,사업보고서 (2010.12),롯데정밀화학,2011.03.31,,00157681,20110331002427
3356,코  포스코엠텍,사업보고서 (2010.12),포스코엠텍,2011.03.31,연,00128111,20110331002427
3357,코  피에스케이홀딩스,사업보고서 (2010.12),피에스케이홀딩스,2011.03.31,,00208444,20110331002427
3358,기  아시아퍼시픽7호선박투자회사,사업보고서 (2010.12),아시아퍼시픽7호선박투자회사,2011.03.31,연,00512532,20110331002427
3359,유  효성 ITX,사업보고서 (2010.12),효성 ITX,2011.03.31,,00414850,20110331002427
3360,유  대상,사업보고서 (2010.12),대상,2011.03.31,연,00121941,20110331002427
3361,유  남광토건,사업보고서 (2010.12),남광토건,2011.03.31,연,00107066,20110331002427
3362,유  현대코퍼레이션,사업보고서 (2010.12),현대코퍼레이션,2011.03.31,정연,00164812,20110331002427
3363,유  기업은행,사업보고서 (2010.12),기업은행,2011.03.31,연,00149646,20110331002427
3364,기  코리아퍼시픽03호선박투자회사,사업보고서 (2010.12),코리아퍼시픽03호선박투자회사,2011.03.31,연,00580621,20110331002427
3365,유  청호ICT,사업보고서 (2010.12),청호ICT,2011.03.31,,00151863,20110331002427
3366,기  현대하이스코,사업보고서 (2010.12),현대하이스코,2011.03.31,연,00164469,20110331002427
3367,유  삼성전기,사업보고서 (2010.12),삼성전기,2011.03.31,연,00126371,20110331002427
3368,코  손오공,사업보고서 (2010.12),손오공,2011.03.31,,00306870,20110331002427
3369,코  HLB파나진,사업보고서 (2010.12),HLB파나진,2011.03.31,,00172079,20110331002427
3370,코  광무,사업보고서 (2010.12),광무,2011.03.31,,00186452,20110331002427
3371,기  에스에스씨피,사업보고서 (2010.12),에스에스씨피,2011.03.31,연,00126593,20110331002427
3372,유  현대엘리베이터,사업보고서 (2010.12),현대엘리베이터,2011.03.31,정연,00164724,20110331002427
3373,유  코오롱인더,사업보고서 (2010.12),코오롱인더,2011.03.31,연,00795135,20110331002427
3374,유  현대자동차,사업보고서 (2010.12),현대자동차,2011.03.31,연,00164742,20110331002427
3375,유  HL D&I,사업보고서 (2010.12),HL D&I,2011.03.31,연,00161116,20110331002427
3376,기  롯데건설,사업보고서 (2010.12),롯데건설,2011.03.31,,00120438,20110331002427
3377,기  코리아퍼시픽02호선박투자회사,사업보고서 (2010.12),코리아퍼시픽02호선박투자회사,2011.03.31,연,00580612,20110331002427
3378,유  JW중외제약,사업보고서 (2010.12),JW중외제약,2011.03.31,,00149947,20110331002427
3379,유  LX하우시스,사업보고서 (2010.12),LX하우시스,2011.03.31,연,00759513,20110331002427
3380,기  아시아퍼시픽6호선박투자회사,사업보고서 (2010.12),아시아퍼시픽6호선박투자회사,2011.03.31,연,00512541,20110331002427
3381,기  대림,사업보고서 (2010.12),대림,2011.03.31,연,00204688,20110331002427
3382,기  롯데캐피탈,사업보고서 (2010.12),롯데캐피탈,2011.03.31,,00222295,20110331002427
3383,코  이브이첨단소재,사업보고서 (2010.12),이브이첨단소재,2011.03.31,,00533924,20110331002427
3384,유  제일기획,사업보고서 (2010.12),제일기획,2011.03.31,연,00148276,20110331002427
3385,유  JW홀딩스,사업보고서 (2010.12),JW홀딩스,2011.03.31,연,00632304,20110331002427
3386,코  DH오토웨어,사업보고서 (2010.12),DH오토웨어,2011.03.31,연,00110583,20110331002427
3387,기  코리아퍼시픽01호선박투자회사,사업보고서 (2010.12),코리아퍼시픽01호선박투자회사,2011.03.31,연,00580603,20110331002427
3388,코  멀티캠퍼스,사업보고서 (2010.12),멀티캠퍼스,2011.03.31,,00425351,20110331002427
3389,유  CJ제일제당,사업보고서 (2010.12),CJ제일제당,2011.03.31,연,00635134,20110331002427
3390,코  위메이드,사업보고서 (2010.12),위메이드,2011.03.31,연,00444329,20110331002427
3391,코  셀트리온제약,사업보고서 (2010.12),셀트리온제약,2011.03.31,,00541349,20110331002427
3392,유  한화에어로스페이스,사업보고서 (2010.12),한화에어로스페이스,2011.03.31,연,00126566,20110331002427
3393,기  디에스,사업보고서 (2010.12),디에스,2011.03.31,연,00314888,20110331002427
3394,유  남선알미늄,사업보고서 (2010.12),남선알미늄,2011.03.31,연,00107224,20110331002427
3395,유  화천기계,사업보고서 (2010.12),화천기계,2011.03.31,,00166500,20110331002427
3396,기  제이웨이,사업보고서 (2010.12),제이웨이,2011.03.31,연,00359474,20110331002427
3397,유  사조오양,사업보고서 (2010.12),사조오양,2011.03.31,,00141875,20110331002427
3398,기  아시아퍼시픽5호선박투자회사,사업보고서 (2010.12),아시아퍼시픽5호선박투자회사,2011.03.31,연,00512550,20110331002427
3399,유  삼화콘덴서공업,사업보고서 (2010.12),삼화콘덴서공업,2011.03.31,연,00129350,20110331002427
3400,코  정원엔시스,사업보고서 (2010.12),정원엔시스,2011.03.31,,00147772,20110331002427
3401,기  네스테크,사업보고서 (2010.12),네스테크,2011.03.31,연,00259536,20110331002234
3402,기  스튜디오에스,사업보고서 (2010.12),스튜디오에스,2011.03.31,,00280688,20110331002234
3403,유  보령  IR,사업보고서 (2010.12),보령,2011.03.31,,00123143,20110331002234
3404,기  씨브이네트,사업보고서 (2010.12),씨브이네트,2011.03.31,,00314718,20110331002234
3405,기  한국테크놀로지  IR,사업보고서 (2010.12),한국테크놀로지,2011.03.31,정,00355548,20110331002234
3406,유  티케이지휴켐스,사업보고서 (2010.12),티케이지휴켐스,2011.03.31,연,00426086,20110331002234
3407,코  이노와이어리스,사업보고서 (2010.12),이노와이어리스,2011.03.31,정,00462121,20110331002234
3408,기  한일건설,사업보고서 (2010.12),한일건설,2011.03.31,연,00162780,20110331002234
3409,코  휴림에이텍,사업보고서 (2010.12),휴림에이텍,2011.03.31,정,00230814,20110331002234
3410,기  어울림정보기술,사업보고서 (2010.12),어울림정보기술,2011.03.31,,00261124,20110331002234
3411,유  신세계푸드,사업보고서 (2010.12),신세계푸드,2011.03.31,,00274933,20110331002234
3412,기  한솔교육,사업보고서 (2010.12),한솔교육,2011.03.31,,00246301,20110331002234
3413,코  옴니시스템,사업보고서 (2010.12),옴니시스템,2011.03.31,,00265005,20110331002234
3414,기  트라이써클,사업보고서 (2010.12),트라이써클,2011.03.31,,00251482,20110331002234
3415,코  홈센타홀딩스,사업보고서 (2010.12),홈센타홀딩스,2011.03.31,연,00288495,20110331002234
3416,유  대성홀딩스,사업보고서 (2010.12),대성홀딩스,2011.03.31,연,00108940,20110331002234
3417,코  바이오스마트,사업보고서 (2010.12),바이오스마트,2011.03.31,연,00240857,20110331002234
3418,유  삼성에스디에스,사업보고서 (2010.12),삼성에스디에스,2011.03.31,연,00126186,20110331002234
3419,코  파인테크닉스,사업보고서 (2010.12),파인테크닉스,2011.03.31,정연,00755739,20110331002234
3420,코  나노엔텍,사업보고서 (2010.12),나노엔텍,2011.03.31,,00230425,20110331002234
3421,코  진매트릭스,사업보고서 (2010.12),진매트릭스,2011.03.31,,00552992,20110331002234
3422,기  이랜드리테일,사업보고서 (2010.12),이랜드리테일,2011.03.31,,00108418,20110331002234
3423,기  애큐온캐피탈,사업보고서 (2010.12),애큐온캐피탈,2011.03.31,연,00595012,20110331002234
3424,코  한국가구,사업보고서 (2010.12),한국가구,2011.03.31,연,00156442,20110331002234
3425,코  팜스토리,사업보고서 (2010.12),팜스토리,2011.03.31,연,00192499,20110331002234
3426,기  엘에스엠트론,사업보고서 (2010.12),엘에스엠트론,2011.03.31,,00683627,20110331002234
3427,코  부방,[기재정정]사업보고서 (2010.12),부방,2011.03.31,연,00243067,20110331002234
3428,기  와이앤넥스트,사업보고서 (2010.12),와이앤넥스트,2011.03.31,연,00495554,20110331002234
3429,코  iMBC,사업보고서 (2010.12),iMBC,2011.03.31,,00370006,20110331002234
3430,코  NHN벅스,사업보고서 (2010.12),NHN벅스,2011.03.31,,00645089,20110331002234
3431,기  에스케이에코플랜트,사업보고서 (2010.12),에스케이에코플랜트,2011.03.31,연,00131799,20110331002234
3432,코  헬릭스미스,사업보고서 (2010.12),헬릭스미스,2011.03.31,,00359395,20110331002234
3433,기  씨앤에스자산관리,사업보고서 (2010.12),씨앤에스자산관리,2011.03.31,,00173731,20110331002234
3434,유  한전기술,[첨부정정]사업보고서 (2010.12),한전기술,2011.03.31,,00159209,20110331002234
3435,유  대상홀딩스,사업보고서 (2010.12),대상홀딩스,2011.03.31,연,00539274,20110331002234
3436,기  대교홀딩스,사업보고서 (2010.12),대교홀딩스,2011.03.31,연,00366298,20110331002234
3437,유  한국무브넥스,사업보고서 (2010.12),한국무브넥스,2011.03.31,정연,00160418,20110331002234
3438,유  효성,사업보고서 (2010.12),효성,2011.03.31,연,00117188,20110331002234
3439,기  썬코어,사업보고서 (2010.12),썬코어,2011.03.31,,00202778,20110331002234
3440,기  우전,사업보고서 (2010.12),우전,2011.03.31,정연,00291231,20110331002234
3441,유  천일고속,사업보고서 (2010.12),천일고속,2011.03.31,,00151395,20110331002234
3442,코  이화전기,사업보고서 (2010.12),이화전기,2011.03.31,,00145738,20110331002234
3443,유  태광산업,사업보고서 (2010.12),태광산업,2011.03.31,정연,00153393,20110331002234
3444,유  아이마켓코리아,사업보고서 (2010.12),아이마켓코리아,2011.03.31,,00360142,20110331002234
3445,기  에이스디지텍,사업보고서 (2010.12),에이스디지텍,2011.03.31,,00221320,20110331002234
3446,코  오스코텍,사업보고서 (2010.12),오스코텍,2011.03.31,,00263654,20110331002234
3447,코  SFA반도체,사업보고서 (2010.12),SFA반도체,2011.03.31,연,00301246,20110331002234
3448,기  지디코프,사업보고서 (2010.12),지디코프,2011.03.31,,00254009,20110331002234
3449,유  신세계건설,사업보고서 (2010.12),신세계건설,2011.03.31,,00217947,20110331002234
3450,기  제네시스엔알디,사업보고서 (2010.12),제네시스엔알디,2011.03.31,,00347840,20110331002234
3451,코  네오위즈,사업보고서 (2010.12),네오위즈,2011.03.31,연,00628860,20110331002234
3452,코  제룡전기,사업보고서 (2010.12),제룡전기,2011.03.31,,00185356,20110331002234
3453,유  한국공항,사업보고서 (2010.12),한국공항,2011.03.31,연,00156691,20110331002234
3454,기  아이디에이치,사업보고서 (2010.12),아이디에이치,2011.03.31,,00113632,20110331002234
3455,기  미주제강,사업보고서 (2010.12),미주제강,2011.03.31,연,00115472,20110331002234
3456,기  어울림엘시스,사업보고서 (2010.12),어울림엘시스,2011.03.31,,00206127,20110331002234
3457,기  에임하이글로벌,사업보고서 (2010.12),에임하이글로벌,2011.03.31,,00222806,20110331002234
3458,기  대덕GDS,사업보고서 (2010.12),대덕GDS,2011.03.31,연,00109170,20110331002234
3459,기  스톰이앤에프,사업보고서 (2010.12),스톰이앤에프,2011.03.31,정,00264796,20110331002234
3460,유  일신석재,사업보고서 (2010.12),일신석재,2011.03.31,,00146296,20110331002234
3461,유  사조대림,사업보고서 (2010.12),사조대림,2011.03.31,연,00109718,20110331002234
3462,기  아시아퍼시픽4호선박투자회사,사업보고서 (2010.12),아시아퍼시픽4호선박투자회사,2011.03.31,연,00505569,20110331002234
3463,기  스틸플라워,사업보고서 (2010.12),스틸플라워,2011.03.31,정연,00454265,20110331002234
3464,기  제일모직,사업보고서 (2010.12),제일모직,2011.03.31,연,00148328,20110331002234
3465,기  롯데푸드,사업보고서 (2010.12),롯데푸드,2011.03.31,연,00120508,20110331002234
3466,유  진흥기업,사업보고서 (2010.12),진흥기업,2011.03.31,정연,00150828,20110331002234
3467,유  대양금속,사업보고서 (2010.12),대양금속,2011.03.31,연,00111111,20110331002234
3468,유  삼성중공업,사업보고서 (2010.12),삼성중공업,2011.03.31,연,00126478,20110331002234
3469,기  웅진식품,사업보고서 (2010.12),웅진식품,2011.03.31,,00143642,20110331002234
3470,유  아세아제지,사업보고서 (2010.12),아세아제지,2011.03.31,연,00138729,20110331002234
3471,유  SG세계물산,사업보고서 (2010.12),SG세계물산,2011.03.31,,00133511,20110331002234
3472,기  어울림네트웍스,사업보고서 (2010.12),어울림네트웍스,2011.03.31,연,00264741,20110331002234
3473,유  현대제철,사업보고서 (2010.12),현대제철,2011.03.31,연,00145880,20110331002234
3474,코  TKG애강,사업보고서 (2010.12),TKG애강,2011.03.31,연,00140061,20110331002234
3475,기  에이프로테크놀로지,사업보고서 (2010.12),에이프로테크놀로지,2011.03.31,,00264811,20110331002234
3476,코  대한광통신,사업보고서 (2010.12),대한광통신,2011.03.31,,00113261,20110331002234
3477,기  극동건설  IR,사업보고서 (2010.12),극동건설,2011.03.31,,00105086,20110331002234
3478,기  라임,사업보고서 (2010.12),라임,2011.03.31,연,00389387,20110331002234
3479,기  알바이오,사업보고서 (2010.12),알바이오,2011.03.31,연,00112004,20110331002234
3480,유  현대지에프홀딩스,사업보고서 (2010.12),현대지에프홀딩스,2011.03.31,연,00105280,20110331002234
3481,기  토자이홀딩스,사업보고서 (2010.12),토자이홀딩스,2011.03.31,,00265263,20110331002234
3482,유  삼양홀딩스,사업보고서 (2010.12),삼양홀딩스,2011.03.31,연,00126937,20110331002234
3483,코  드림어스컴퍼니,사업보고서 (2010.12),드림어스컴퍼니,2011.03.31,연,00364467,20110331002234
3484,유  풍산,사업보고서 (2010.12),풍산,2011.03.31,연,00684714,20110331002234
3485,코  아바코,사업보고서 (2010.12),아바코,2011.03.31,,00442145,20110331002234
3486,기  범양사,사업보고서 (2010.12),범양사,2011.03.31,,00122728,20110331002234
3487,기  풍림산업,사업보고서 (2010.12),풍림산업,2011.03.31,연,00155498,20110331002234
3488,기  세아메탈,사업보고서 (2010.12),세아메탈,2011.03.31,,00206084,20110331002234
3489,기  삼성모바일디스플레이,사업보고서 (2010.12),삼성모바일디스플레이,2011.03.31,연,00687410,20110331002234
3490,코  한국큐빅,사업보고서 (2010.12),한국큐빅,2011.03.31,연,00160010,20110331002234
3491,코  메디포스트,사업보고서 (2010.12),메디포스트,2011.03.31,,00453929,20110331002234
3492,유  LG전자  IR,사업보고서 (2010.12),LG전자,2011.03.31,연,00401731,20110331002234
3493,코  KG모빌리언스,사업보고서 (2010.12),KG모빌리언스,2011.03.31,,00405278,20110331002234
3494,코  AP헬스케어,사업보고서 (2010.12),AP헬스케어,2011.03.31,,00653194,20110331002234
3495,코  코스나인,사업보고서 (2010.12),코스나인,2011.03.31,연,00442455,20110331002234
3496,기  대국,사업보고서 (2010.12),대국,2011.03.31,,00264848,20110331002234
3497,기  오스템임플란트,사업보고서 (2010.12),오스템임플란트,2011.03.31,연,00341916,20110331002234
3498,유  세아제강지주,사업보고서 (2010.12),세아제강지주,2011.03.31,정연,00124197,20110331002234
3499,기  사조해표,사업보고서 (2010.12),사조해표,2011.03.31,,00503899,20110331002234
3500,기  현대캐피탈,사업보고서 (2010.12),현대캐피탈,2011.03.31,정,00208514,20110331002234
3501,코  네오위즈홀딩스,사업보고서 (2010.12),네오위즈홀딩스,2011.03.31,연,00266952,20110331002069
3502,코  CNT85,사업보고서 (2010.12),CNT85,2011.03.31,,00318662,20110331002069
3503,기  에스와이코퍼레이션,사업보고서 (2010.12),에스와이코퍼레이션,2011.03.31,,00126885,20110331002069
3504,기  파브코,사업보고서 (2010.12),파브코,2011.03.31,,00679730,20110331002069
3505,코  유성티엔에스,사업보고서 (2010.12),유성티엔에스,2011.03.31,,00173999,20110331002069
3506,유  LG생활건강,사업보고서 (2010.12),LG생활건강,2011.03.31,연,00356370,20110331002069
3507,기  롯데아이티테크,사업보고서 (2010.12),롯데아이티테크,2011.03.31,,00256344,20110331002069
3508,코  동국제약,사업보고서 (2010.12),동국제약,2011.03.31,,00114808,20110331002069
3509,코  코나아이,사업보고서 (2010.12),코나아이,2011.03.31,,00349732,20110331002069
3510,기  비케이탑스,사업보고서 (2010.12),비케이탑스,2011.03.31,,00273615,20110331002069
3511,기  뉴경기관광,사업보고서 (2010.12),뉴경기관광,2011.03.31,,00108302,20110331002069
3512,코  휴림로봇,사업보고서 (2010.12),휴림로봇,2011.03.31,,00540429,20110331002069
3513,코  대아티아이  IR,[기재정정]사업보고서 (2010.12),대아티아이,2011.03.31,연,00318316,20110331002069
3514,기  락앤락,사업보고서 (2010.12),락앤락,2011.03.31,연,00561866,20110331002069
3515,유  한미글로벌,사업보고서 (2010.12),한미글로벌,2011.03.31,,00413523,20110331002069
3516,코  APS,사업보고서 (2010.12),APS,2011.03.31,,00296078,20110331002069
3517,유  케이비아이동국실업,사업보고서 (2010.12),케이비아이동국실업,2011.03.31,연,00114765,20110331002069
3518,기  트레스,사업보고서 (2010.12),트레스,2011.03.31,,00299358,20110331002069
3519,코  대명소노시즌,사업보고서 (2010.12),대명소노시즌,2011.03.31,연,00104810,20110331002069
3520,코  인크레더블버즈,사업보고서 (2010.12),인크레더블버즈,2011.03.31,연,00390408,20110331002069
3521,코  비보존 제약,사업보고서 (2010.12),비보존 제약,2011.03.31,연,00533191,20110331002069
3522,코  루멘스,사업보고서 (2010.12),루멘스,2011.03.31,연,00406329,20110331002069
3523,코  서희건설,사업보고서 (2010.12),서희건설,2011.03.31,정연,00219848,20110331002069
3524,코  덕산하이메탈,사업보고서 (2010.12),덕산하이메탈,2011.03.31,,00471068,20110331002069
3525,유  삼성전자,사업보고서 (2010.12),삼성전자,2011.03.31,연,00126380,20110331002069
3526,기  지앤엘,사업보고서 (2010.12),지앤엘,2011.03.31,,00106456,20110331002069
3527,기  바둑텔레비전,사업보고서 (2010.12),바둑텔레비전,2011.03.31,,00204828,20110331002069
3528,기  예당컴퍼니,사업보고서 (2010.12),예당컴퍼니,2011.03.31,정,00252393,20110331002069
3529,유  금호건설,사업보고서 (2010.12),금호건설,2011.03.31,연,00106313,20110331002069
3530,유  대원화성,사업보고서 (2010.12),대원화성,2011.03.31,연,00112022,20110331002069
3531,코  컴투스홀딩스,사업보고서 (2010.12),컴투스홀딩스,2011.03.31,,00535746,20110331002069
3532,기  벽산건설,사업보고서 (2010.12),벽산건설,2011.03.31,연,00122922,20110331002069
3533,코  쎄니트,사업보고서 (2010.12),쎄니트,2011.03.31,정연,00239596,20110331002069
3534,유  케이씨씨  IR,사업보고서 (2010.12),케이씨씨,2011.03.31,정연,00105271,20110331002069
3535,코  지엔코,사업보고서 (2010.12),지엔코,2011.03.31,연,00258102,20110331002069
3536,코  케스피온,사업보고서 (2010.12),케스피온,2011.03.31,,00479705,20110331002069
3537,기  국제개발,사업보고서 (2010.12),국제개발,2011.03.31,,00508566,20110331002069
3538,기  한국동서발전,사업보고서 (2010.12),한국동서발전,2011.03.31,,00393636,20110331002069
3539,유  현대위아,사업보고서 (2010.12),현대위아,2011.03.31,,00106623,20110331002069
3540,유  세우글로벌,사업보고서 (2010.12),세우글로벌,2011.03.31,,00134176,20110331002069
3541,코  퀀타피아,사업보고서 (2010.12),퀀타피아,2011.03.31,,00501970,20110331002069
3542,기  두산캐피탈,사업보고서 (2010.12),두산캐피탈,2011.03.31,정연,00224691,20110331002069
3543,코  유라테크,사업보고서 (2010.12),유라테크,2011.03.31,,00201742,20110331002069
3544,기  아시아퍼시픽3호선박투자회사,사업보고서 (2010.12),아시아퍼시픽3호선박투자회사,2011.03.31,연,00505550,20110331002069
3545,유  삼부토건,사업보고서 (2010.12),삼부토건,2011.03.31,연,00125974,20110331002069
3546,유  그린케미칼,사업보고서 (2010.12),그린케미칼,2011.03.31,,00454946,20110331002069
3547,유  녹십자,사업보고서 (2010.12),녹십자,2011.03.31,연,00129679,20110331002069
3548,유  KB금융,사업보고서 (2010.12),KB금융,2011.03.31,연,00688996,20110331002069
3549,기  한화화인케미칼,사업보고서 (2010.12),한화화인케미칼,2011.03.31,,00160612,20110331002069
3550,기  국제건설,사업보고서 (2010.12),국제건설,2011.03.31,정,00788241,20110331002069
3551,코  이엔에프테크놀로지,사업보고서 (2010.12),이엔에프테크놀로지,2011.03.31,,00530185,20110331002069
3552,코  LS마린솔루션,사업보고서 (2010.12),LS마린솔루션,2011.03.31,,00225742,20110331002069
3553,유  한미약품,사업보고서 (2010.12),한미약품,2011.03.31,연,00828497,20110331002069
3554,기  매경닷컴,사업보고서 (2010.12),매경닷컴,2011.03.31,,00261647,20110331002069
3555,기  한컴지엠디,사업보고서 (2010.12),한컴지엠디,2011.03.31,,00473400,20110331002069
3556,코  삼천리자전거,사업보고서 (2010.12),삼천리자전거,2011.03.31,연,00128607,20110331002069
3557,기  에스케이엔펄스,사업보고서 (2010.12),에스케이엔펄스,2011.03.31,,00307189,20110331002069
3558,코  위즈코프,사업보고서 (2010.12),위즈코프,2011.03.31,,00264228,20110331002069
3559,유  디아이,사업보고서 (2010.12),디아이,2011.03.31,연,00118275,20110331002069
3560,기  아시아퍼시픽2호선박투자회사,사업보고서 (2010.12),아시아퍼시픽2호선박투자회사,2011.03.31,연,00505541,20110331002069
3561,코  참좋은여행,사업보고서 (2010.12),참좋은여행,2011.03.31,,00606770,20110331002069
3562,코  티사이언티픽,사업보고서 (2010.12),티사이언티픽,2011.03.31,정연,00372688,20110331002069
3563,기  콜마파마,사업보고서 (2010.12),콜마파마,2011.03.31,,00334615,20110331002069
3564,코  해성산업,사업보고서 (2010.12),해성산업,2011.03.31,,00219361,20110331002069
3565,유  종근당홀딩스,사업보고서 (2010.12),종근당홀딩스,2011.03.31,연,00149354,20110331002069
3566,코  이지홀딩스,사업보고서 (2010.12),이지홀딩스,2011.03.31,연,00242378,20110331002069
3567,유  한미사이언스,사업보고서 (2010.12),한미사이언스,2011.03.31,연,00161426,20110331002069
3568,기  캠브리지코오롱,사업보고서 (2010.12),캠브리지코오롱,2011.03.31,,00128759,20110331002069
3569,코  큐렉소,[기재정정]사업보고서 (2010.12),큐렉소,2011.03.31,연,00356802,20110331002069
3570,기  신성이엔지,사업보고서 (2010.12),신성이엔지,2011.03.31,,00686068,20110331002069
3571,유  KG케미칼,사업보고서 (2010.12),KG케미칼,2011.03.31,연,00101220,20110331002069
3572,유  대웅,사업보고서 (2010.12),대웅,2011.03.31,연,00111810,20110331002069
3573,유  한진중공업홀딩스,사업보고서 (2010.12),한진중공업홀딩스,2011.03.31,연,00163673,20110331002069
3574,기  현대카드  IR,사업보고서 (2010.12),현대카드,2011.03.31,,00222374,20110331002069
3575,유  LS,사업보고서 (2010.12),LS,2011.03.31,연,00105952,20110331002069
3576,코  삼아제약,사업보고서 (2010.12),삼아제약,2011.03.31,,00126788,20110331002069
3577,코  광림,사업보고서 (2010.12),광림,2011.03.31,정,00103635,20110331002069
3578,기  국민은행,사업보고서 (2010.12),국민은행,2011.03.31,연,00386937,20110331002069
3579,기  모보,사업보고서 (2010.12),모보,2011.03.31,,00347442,20110331002069
3580,기  다함이텍,사업보고서 (2010.12),다함이텍,2011.03.31,연,00130046,20110331002069
3581,코  CMG제약  IR,사업보고서 (2010.12),CMG제약,2011.03.31,,00380429,20110331002069
3582,기  제이콤,사업보고서 (2010.12),제이콤,2011.03.31,,00316488,20110331002069
3583,유  CJ대한통운,사업보고서 (2010.12),CJ대한통운,2011.03.31,연,00113410,20110331002069
3584,코  이미지스  IR,사업보고서 (2010.12),이미지스,2011.03.31,,00694942,20110331002069
3585,기  아시아퍼시픽1호선박투자회사,사업보고서 (2010.12),아시아퍼시픽1호선박투자회사,2011.03.31,연,00502793,20110331002069
3586,유  윌비스,사업보고서 (2010.12),윌비스,2011.03.31,연,00104999,20110331002069
3587,유  KSS해운,사업보고서 (2010.12),KSS해운,2011.03.31,정,00160232,20110331002069
3588,기  렉스엘이앤지,[기재정정]사업보고서 (2010.12),렉스엘이앤지,2011.03.31,연,00106492,20110331002069
3589,유  태영건설,사업보고서 (2010.12),태영건설,2011.03.31,정연,00153861,20110331002069
3590,기  에스비엠,사업보고서 (2010.12),에스비엠,2011.03.31,,00265227,20110331002069
3591,코  쇼박스  IR,사업보고서 (2010.12),쇼박스,2011.03.31,연,00303794,20110331002069
3592,유  태경비케이,사업보고서 (2010.12),태경비케이,2011.03.31,연,00122481,20110331002069
3593,코  중앙첨단소재,사업보고서 (2010.12),중앙첨단소재,2011.03.31,,00347716,20110331002069
3594,유  한전산업,사업보고서 (2010.12),한전산업,2011.03.31,연,00194947,20110331002069
3595,유  티비에이치글로벌,사업보고서 (2010.12),티비에이치글로벌,2011.03.31,연,00409672,20110331002069
3596,기  삼성메디슨,사업보고서 (2010.12),삼성메디슨,2011.03.31,연,00120988,20110331002069
3597,기  신양오라컴디스플레이,사업보고서 (2010.12),신양오라컴디스플레이,2011.03.31,연,00317830,20110331002069
3598,유  극동유화,사업보고서 (2010.12),극동유화,2011.03.31,,00105156,20110331002069
3599,기  마이스코,사업보고서 (2010.12),마이스코,2011.03.31,,00450214,20110331002069
3600,기  썬테크놀로지스,사업보고서 (2010.12),썬테크놀로지스,2011.03.31,,00527880,20110331002069
3601,유  대웅제약,사업보고서 (2010.12),대웅제약,2011.03.31,,00427483,20110331001892
3602,코  비엘팜텍,사업보고서 (2010.12),비엘팜텍,2011.03.31,연,00384717,20110331001892
3603,코  플래스크,사업보고서 (2010.12),플래스크,2011.03.31,,00297448,20110331001892
3604,기  위다스,사업보고서 (2010.12),위다스,2011.03.31,,00351153,20110331001892
3605,기  롯데카드,사업보고서 (2010.12),롯데카드,2011.03.31,연,00219051,20110331001892
3606,유  휴스틸,사업보고서 (2010.12),휴스틸,2011.03.31,연,00156488,20110331001892
3607,기  케이파워,사업보고서 (2010.12),케이파워,2011.03.31,,00255169,20110331001892
3608,유  태경산업,사업보고서 (2010.12),태경산업,2011.03.31,연,00153339,20110331001892
3609,기  에이치케이자산관리대부,사업보고서 (2010.12),에이치케이자산관리대부,2011.03.31,,00846651,20110331001892
3610,유  E1,사업보고서 (2010.12),E1,2011.03.31,정연,00165583,20110331001892
3611,유  한국전력공사,사업보고서 (2010.12),한국전력공사,2011.03.31,연,00159193,20110331001892
3612,기  브이오산업,사업보고서 (2010.12),브이오산업,2011.03.31,,00101947,20110331001892
3613,유  사조동아원,사업보고서 (2010.12),사조동아원,2011.03.31,연,00137252,20110331001892
3614,유  신대양제지,사업보고서 (2010.12),신대양제지,2011.03.31,연,00135777,20110331001892
3615,코  스타코링크,사업보고서 (2010.12),스타코링크,2011.03.31,,00373571,20110331001892
3616,유  SUN&L,사업보고서 (2010.12),SUN&L,2011.03.31,연,00132211,20110331001892
3617,코  DGP  IR,사업보고서 (2010.12),DGP,2011.03.31,,00367695,20110331001892
3618,코  진양제약,사업보고서 (2010.12),진양제약,2011.03.31,,00150536,20110331001892
3619,유  SK텔레콤,사업보고서 (2010.12),SK텔레콤,2011.03.31,연,00159023,20110331001892
3620,유  세방전지,사업보고서 (2010.12),세방전지,2011.03.31,,00133858,20110331001892
3621,기  삼미,사업보고서 (2010.12),삼미,2011.03.31,,00125655,20110331001892
3622,유  엔피씨,사업보고서 (2010.12),엔피씨,2011.03.31,정연,00108038,20110331001892
3623,기  아주,사업보고서 (2010.12),아주,2011.03.31,연,00139029,20110331001892
3624,기  제일창업투자,사업보고서 (2010.12),제일창업투자,2011.03.31,,00114826,20110331001892
3625,기  엠제이비,사업보고서 (2010.12),엠제이비,2011.03.31,,00418476,20110331001892
3626,유  삼양식품,사업보고서 (2010.12),삼양식품,2011.03.31,연,00126955,20110331001892
3627,유  에넥스,사업보고서 (2010.12),에넥스,2011.03.31,연,00139764,20110331001892
3628,코  KD,사업보고서 (2010.12),KD,2011.03.31,정,00111218,20110331001892
3629,기  코리아세븐,[기재정정]사업보고서 (2010.12),코리아세븐,2011.03.31,,00186513,20110331001892
3630,기  에프지엔개발전문자기관리부동산투자회사,사업보고서 (2010.12),에프지엔개발전문자기관리부동산투자회사,2011.03.31,,00693800,20110331001892
3631,코  한국전자금융,사업보고서 (2010.12),한국전자금융,2011.03.31,연,00363769,20110331001892
3632,기  동북아14호선박투자회사,사업보고서 (2010.12),동북아14호선박투자회사,2011.03.31,연,00526474,20110331001892
3633,기  성원아이북랜드,[기재정정]사업보고서 (2010.12),성원아이북랜드,2011.03.31,,00398950,20110331001892
3634,기  네오슈테른테크놀로지,사업보고서 (2010.12),네오슈테른테크놀로지,2011.03.31,,00359766,20110331001892
3635,기  신한은행,사업보고서 (2010.12),신한은행,2011.03.31,정연,00149293,20110331001892
3636,기  알보젠코리아,사업보고서 (2010.12),알보젠코리아,2011.03.31,,00105244,20110331001892
3637,유  우신시스템,사업보고서 (2010.12),우신시스템,2011.03.31,연,00142883,20110331001892
3638,기  넥스피안,사업보고서 (2010.12),넥스피안,2011.03.31,연,00481223,20110331001892
3639,기  케이엑스넥스지,사업보고서 (2010.12),케이엑스넥스지,2011.03.31,,00584362,20110331001892
3640,유  코웨이  IR,사업보고서 (2010.12),코웨이,2011.03.31,연,00170558,20110331001892
3641,코  뷰웍스,사업보고서 (2010.12),뷰웍스,2011.03.31,,00609324,20110331001892
3642,유  태경케미컬,사업보고서 (2010.12),태경케미컬,2011.03.31,,00109161,20110331001892
3643,기  연합자산관리,사업보고서 (2010.12),연합자산관리,2011.03.31,,00819268,20110331001892
3644,유  대유플러스,사업보고서 (2010.12),대유플러스,2011.03.31,연,00126089,20110331001892
3645,유  CS홀딩스,사업보고서 (2010.12),CS홀딩스,2011.03.31,연,00149026,20110331001892
3646,기  무한투자,사업보고서 (2010.12),무한투자,2011.03.31,,00240398,20110331001892
3647,코  바른손이앤에이,사업보고서 (2010.12),바른손이앤에이,2011.03.31,,00259590,20110331001892
3648,코  테라젠이텍스,사업보고서 (2010.12),테라젠이텍스,2011.03.31,정연,00249894,20110331001892
3649,유  혜인,사업보고서 (2010.12),혜인,2011.03.31,연,00165343,20110331001892
3650,유  에이블씨엔씨,사업보고서 (2010.12),에이블씨엔씨,2011.03.31,,00400857,20110331001892
3651,코  에스아이리소스,사업보고서 (2010.12),에스아이리소스,2011.03.31,,00120906,20110331001892
3652,기  휴스토리,사업보고서 (2010.12),휴스토리,2011.03.31,연,00263140,20110331001892
3653,기  대양제지공업,사업보고서 (2010.12),대양제지공업,2011.03.31,연,00111227,20110331001892
3654,코  에스넷,사업보고서 (2010.12),에스넷,2011.03.31,연,00264635,20110331001892
3655,기  씨앤케이인터내셔널,[기재정정]사업보고서 (2010.12),씨앤케이인터내셔널,2011.03.31,,00252755,20110331001892
3656,기  경윤하이드로에너지,사업보고서 (2010.12),경윤하이드로에너지,2011.03.31,연,00173324,20110331001892
3657,코  오텍,사업보고서 (2010.12),오텍,2011.03.31,,00397289,20110331001892
3658,기  에스제이케이,사업보고서 (2010.12),에스제이케이,2011.03.31,,00366793,20110331001892
3659,유  송원산업,사업보고서 (2010.12),송원산업,2011.03.31,연,00134963,20110331001892
3660,코  율호,사업보고서 (2010.12),율호,2011.03.31,,00583026,20110331001892
3661,코  티에스이,사업보고서 (2010.12),티에스이,2011.03.31,연,00372226,20110331001892
3662,기  글라소울,사업보고서 (2010.12),글라소울,2011.03.31,연,00272412,20110331001892
3663,기  동북아13호선박투자회사,사업보고서 (2010.12),동북아13호선박투자회사,2011.03.31,연,00526465,20110331001892
3664,기  데코앤에프,사업보고서 (2010.12),데코앤에프,2011.03.31,,00112819,20110331001892
3665,기  현대정보기술,사업보고서 (2010.12),현대정보기술,2011.03.31,,00200956,20110331001892
3666,유  제일파마홀딩스,사업보고서 (2010.12),제일파마홀딩스,2011.03.31,,00148443,20110331001892
3667,기  잘만테크,사업보고서 (2010.12),잘만테크,2011.03.31,,00491336,20110331001892
3668,코  서부T&D,사업보고서 (2010.12),서부T&D,2011.03.31,,00130383,20110331001892
3669,코  엠케이전자,사업보고서 (2010.12),엠케이전자,2011.03.31,,00121686,20110331001892
3670,기  이매진아시아  IR,사업보고서 (2010.12),이매진아시아,2011.03.31,,00122339,20110331001892
3671,코  부방,사업보고서 (2010.12),부방,2011.03.31,정연,00243067,20110331001892
3672,코  에프앤가이드,사업보고서 (2010.12),에프앤가이드,2011.03.31,,00331016,20110331001892
3673,기  두타몰,사업보고서 (2010.12),두타몰,2011.03.31,,00646574,20110331001892
3674,기  매일방송,사업보고서 (2010.12),매일방송,2011.03.31,,00199030,20110331001892
3675,기  신비앤텍,사업보고서 (2010.12),신비앤텍,2011.03.31,정연,00446479,20110331001892
3676,기  비에스에셋매니지먼트,사업보고서 (2010.12),비에스에셋매니지먼트,2011.03.31,,00857231,20110331001892
3677,코  텔레칩스,사업보고서 (2010.12),텔레칩스,2011.03.31,연,00423177,20110331001892
3678,기  터보테크,사업보고서 (2010.12),터보테크,2011.03.31,연,00229818,20110331001892
3679,기  한국복합물류,사업보고서 (2010.12),한국복합물류,2011.03.31,,00216337,20110331001892
3680,코  아이텍,사업보고서 (2010.12),아이텍,2011.03.31,정,00626011,20110331001892
3681,코  네오티스,사업보고서 (2010.12),네오티스,2011.03.31,연,00447928,20110331001892
3682,유  STX엔진,사업보고서 (2010.12),STX엔진,2011.03.31,연,00480455,20110331001892
3683,기  엠소닉,사업보고서 (2010.12),엠소닉,2011.03.31,,00124577,20110331001892
3684,코  케이아이엔엑스,사업보고서 (2010.12),케이아이엔엑스,2011.03.31,,00603348,20110331001892
3685,유  한국쉘석유,사업보고서 (2010.12),한국쉘석유,2011.03.31,,00158149,20110331001892
3686,코  네패스,사업보고서 (2010.12),네패스,2011.03.31,연,00227333,20110331001892
3687,기  더존홀딩스,사업보고서 (2010.12),더존홀딩스,2011.03.31,연,00463449,20110331001892
3688,기  인켈,사업보고서 (2010.12),인켈,2011.03.31,연,00164326,20110331001892
3689,기  일레덱스홀딩스,사업보고서 (2010.12),일레덱스홀딩스,2011.03.31,연,00268011,20110331001892
3690,기  에스지피엠,사업보고서 (2010.12),에스지피엠,2011.03.31,,00447982,20110331001892
3691,기  삼환기업,사업보고서 (2010.12),삼환기업,2011.03.31,연,00129411,20110331001892
3692,코  카스,사업보고서 (2010.12),카스,2011.03.31,연,00152260,20110331001892
3693,유  현대글로비스,사업보고서 (2010.12),현대글로비스,2011.03.31,연,00360595,20110331001892
3694,코  HLB  IR,사업보고서 (2010.12),HLB,2011.03.31,연,00199252,20110331001892
3695,기  동북아4호선박투자회사,사업보고서 (2010.12),동북아4호선박투자회사,2011.03.31,연,00505189,20110331001892
3696,유  세아홀딩스,사업보고서 (2010.12),세아홀딩스,2011.03.31,연,00377610,20110331001892
3697,코  대산F&B  IR,사업보고서 (2010.12),대산F&B,2011.03.31,,00390860,20110331001892
3698,유  우성,사업보고서 (2010.12),우성,2011.03.31,연,00142661,20110331001892
3699,기  폴리플러스,사업보고서 (2010.12),폴리플러스,2011.03.31,,00245296,20110331001892
3700,기  동북아12호선박투자회사,사업보고서 (2010.12),동북아12호선박투자회사,2011.03.31,연,00526447,20110331001892
3701,코  엑사이엔씨,사업보고서 (2010.12),엑사이엔씨,2011.03.31,,00360577,20110331001701
3702,기  지아이바이오,사업보고서 (2010.12),지아이바이오,2011.03.31,,00259439,20110331001701
3703,유  진도,사업보고서 (2010.12),진도,2011.03.31,,00557933,20110331001701
3704,기  동북아5호선박투자회사,사업보고서 (2010.12),동북아5호선박투자회사,2011.03.31,연,00505198,20110331001701
3705,코  큐로홀딩스,사업보고서 (2010.12),큐로홀딩스,2011.03.31,연,00296324,20110331001701
3706,코  에코바이오,사업보고서 (2010.12),에코바이오,2011.03.31,연,00287812,20110331001701
3707,유  대영포장,사업보고서 (2010.12),대영포장,2011.03.31,,00111458,20110331001701
3708,유  삼영,사업보고서 (2010.12),삼영,2011.03.31,연,00127255,20110331001701
3709,기  한국스탠다드차타드은행,사업보고서 (2010.12),한국스탠다드차타드은행,2011.03.31,연,00148504,20110331001701
3710,기  셀텍,사업보고서 (2010.12),셀텍,2011.03.31,연,00162577,20110331001701
3711,기  에스케이이엔에스  IR,사업보고서 (2010.12),에스케이이엔에스,2011.03.31,연,00267058,20110331001701
3712,코  오픈베이스,사업보고서 (2010.12),오픈베이스,2011.03.31,,00335076,20110331001701
3713,코  와이어블,사업보고서 (2010.12),와이어블,2011.03.31,,00250137,20110331001701
3714,기  충북개발공사,사업보고서 (2010.12),충북개발공사,2011.03.31,,00858540,20110331001701
3715,기  성원,사업보고서 (2010.12),성원,2011.03.31,연,00133089,20110331001701
3716,코  폴라리스우노,사업보고서 (2010.12),폴라리스우노,2011.03.31,,00663669,20110331001701
3717,기  다산,사업보고서 (2010.12),다산,2011.03.31,,00108533,20110331001701
3718,코  지에스이,사업보고서 (2010.12),지에스이,2011.03.31,,00351995,20110331001701
3719,코  위메이드맥스  IR,사업보고서 (2010.12),위메이드맥스,2011.03.31,,00643656,20110331001701
3720,기  동북아11호선박투자회사,사업보고서 (2010.12),동북아11호선박투자회사,2011.03.31,연,00529523,20110331001701
3721,유  시디즈,사업보고서 (2010.12),시디즈,2011.03.31,,00852087,20110331001701
3722,코  이스트소프트,사업보고서 (2010.12),이스트소프트,2011.03.31,,00273420,20110331001701
3723,코  코다코,사업보고서 (2010.12),코다코,2011.03.31,정,00295857,20110331001701
3724,기  선팩테크,사업보고서 (2010.12),선팩테크,2011.03.31,,00299376,20110331001701
3725,코  대창솔루션,사업보고서 (2010.12),대창솔루션,2011.03.31,,00177870,20110331001701
3726,기  지스마트글로벌,사업보고서 (2010.12),지스마트글로벌,2011.03.31,,00673976,20110331001701
3727,유  코리아써키트,사업보고서 (2010.12),코리아써키트,2011.03.31,연,00152686,20110331001701
3728,기  동북아3호선박투자회사,사업보고서 (2010.12),동북아3호선박투자회사,2011.03.31,연,00505170,20110331001701
3729,기  하나투어리스트,사업보고서 (2010.12),하나투어리스트,2011.03.31,,00397207,20110331001701
3730,코  캠시스,사업보고서 (2010.12),캠시스,2011.03.31,정연,00330044,20110331001701
3731,유  세원이앤씨,사업보고서 (2010.12),세원이앤씨,2011.03.31,,00585219,20110331001701
3732,기  엔하이테크,사업보고서 (2010.12),엔하이테크,2011.03.31,,00334767,20110331001701
3733,기  강원도개발공사,사업보고서 (2010.12),강원도개발공사,2011.03.31,,00385655,20110331001701
3734,기  에스케이머티리얼즈,사업보고서 (2010.12),에스케이머티리얼즈,2011.03.31,,00110051,20110331001701
3735,코  폴라리스오피스,사업보고서 (2010.12),폴라리스오피스,2011.03.31,,00269852,20110331001701
3736,유  KPX케미칼,사업보고서 (2010.12),KPX케미칼,2011.03.31,연,00191472,20110331001701
3737,기  이룸지엔지,사업보고서 (2010.12),이룸지엔지,2011.03.31,,00439053,20110331001701
3738,기  피앤텔,사업보고서 (2010.12),피앤텔,2011.03.31,연,00302120,20110331001701
3739,코  대륙제관,사업보고서 (2010.12),대륙제관,2011.03.31,,00109587,20110331001701
3740,코  골드앤에스,사업보고서 (2010.12),골드앤에스,2011.03.31,,00249502,20110331001701
3741,코  아이윈,사업보고서 (2010.12),아이윈,2011.03.31,,00365624,20110331001701
3742,기  동북아10호선박투자회사,사업보고서 (2010.12),동북아10호선박투자회사,2011.03.31,연,00529310,20110331001701
3743,유  삼화왕관,사업보고서 (2010.12),삼화왕관,2011.03.31,,00129235,20110331001701
3744,유  AJ네트웍스,사업보고서 (2010.12),AJ네트웍스,2011.03.31,,00365387,20110331001701
3745,코  제넨바이오,사업보고서 (2010.12),제넨바이오,2011.03.31,정연,00408956,20110331001701
3746,기  지앤디윈텍,사업보고서 (2010.12),지앤디윈텍,2011.03.31,연,00335924,20110331001701
3747,유  동방아그로,사업보고서 (2010.12),동방아그로,2011.03.31,,00115384,20110331001701
3748,유  일진홀딩스,사업보고서 (2010.12),일진홀딩스,2011.03.31,정연,00146649,20110331001701
3749,기  이랜드,사업보고서 (2010.12),이랜드,2011.03.31,,00164414,20110331001701
3750,기  에스티씨라이프,사업보고서 (2010.12),에스티씨라이프,2011.03.31,,00133317,20110331001701
3751,유  한솔홈데코,사업보고서 (2010.12),한솔홈데코,2011.03.31,연,00203582,20110331001701
3752,코  유비쿼스홀딩스,사업보고서 (2010.12),유비쿼스홀딩스,2011.03.31,,00411385,20110331001701
3753,기  디지텍시스템스,사업보고서 (2010.12),디지텍시스템스,2011.03.31,,00543231,20110331001701
3754,기  고려개발,사업보고서 (2010.12),고려개발,2011.03.31,,00102681,20110331001701
3755,유  진원생명과학,사업보고서 (2010.12),진원생명과학,2011.03.31,연,00118521,20110331001701
3756,코  제이티,사업보고서 (2010.12),제이티,2011.03.31,,00365457,20110331001701
3757,기  기흥관광개발,사업보고서 (2010.12),기흥관광개발,2011.03.31,,00106720,20110331001701
3758,코  제일바이오,사업보고서 (2010.12),제일바이오,2011.03.31,,00185505,20110331001701
3759,기  에듀패스,사업보고서 (2010.12),에듀패스,2011.03.31,,00130860,20110331001701
3760,유  BYC,사업보고서 (2010.12),BYC,2011.03.31,연,00122579,20110331001701
3761,코  코메론,사업보고서 (2010.12),코메론,2011.03.31,정연,00152783,20110331001701
3762,코  동화기업,사업보고서 (2010.12),동화기업,2011.03.31,연,00173032,20110331001701
3763,코  케이엘넷,사업보고서 (2010.12),케이엘넷,2011.03.31,,00246620,20110331001701
3764,코  제넥신,사업보고서 (2010.12),제넥신,2011.03.31,,00545929,20110331001701
3765,기  유아이에너지,사업보고서 (2010.12),유아이에너지,2011.03.31,,00262123,20110331001701
3766,유  파라다이스  IR,사업보고서 (2010.12),파라다이스,2011.03.31,연,00171265,20110331001701
3767,기  디지털타임스,사업보고서 (2010.12),디지털타임스,2011.03.31,,00335553,20110331001701
3768,기  문경관광개발,사업보고서 (2010.12),문경관광개발,2011.03.31,,00437277,20110331001701
3769,기  코아에스앤아이,사업보고서 (2010.12),코아에스앤아이,2011.03.31,,00345657,20110331001701
3770,유  퍼스텍,사업보고서 (2010.12),퍼스텍,2011.03.31,연,00148522,20110331001701
3771,유  한신기계공업,사업보고서 (2010.12),한신기계공업,2011.03.31,,00162072,20110331001701
3772,코  케이엠더블유,사업보고서 (2010.12),케이엠더블유,2011.03.31,연,00226352,20110331001701
3773,기  티브로드도봉강북방송,사업보고서 (2010.12),티브로드도봉강북방송,2011.03.31,연,00244729,20110331001701
3774,유  DSR제강,사업보고서 (2010.12),DSR제강,2011.03.31,연,00151298,20110331001701
3775,유  엑시큐어하이트론,사업보고서 (2010.12),엑시큐어하이트론,2011.03.31,,00156150,20110331001701
3776,코  판타지오,사업보고서 (2010.12),판타지오,2011.03.31,정,00231691,20110331001701
3777,코  큐렉소,사업보고서 (2010.12),큐렉소,2011.03.31,정연,00356802,20110331001701
3778,기  히든챔피언제1호기업인수목적,사업보고서 (2010.12),히든챔피언제1호기업인수목적,2011.03.31,,00804983,20110331001701
3779,유  코스모화학,사업보고서 (2010.12),코스모화학,2011.03.31,정,00160302,20110331001701
3780,유  대덕,사업보고서 (2010.12),대덕,2011.03.31,연,00109189,20110331001701
3781,유  삼성제약,사업보고서 (2010.12),삼성제약,2011.03.31,,00126414,20110331001701
3782,코  솔브레인홀딩스,사업보고서 (2010.12),솔브레인홀딩스,2011.03.31,연,00247975,20110331001701
3783,기  거북선7호선박투자회사,사업보고서 (2010.12),거북선7호선박투자회사,2011.03.31,,00837680,20110331001701
3784,코  대동금속,사업보고서 (2010.12),대동금속,2011.03.31,,00191287,20110331001701
3785,코  우리엔터프라이즈,사업보고서 (2010.12),우리엔터프라이즈,2011.03.31,연,00155692,20110331001701
3786,유  덕성,사업보고서 (2010.12),덕성,2011.03.31,연,00114093,20110331001701
3787,코  원풍,사업보고서 (2010.12),원풍,2011.03.31,,00144012,20110331001701
3788,기  에이치디현대삼호,사업보고서 (2010.12),에이치디현대삼호,2011.03.31,연,00332468,20110331001701
3789,코  서진오토모티브,사업보고서 (2010.12),서진오토모티브,2011.03.31,,00800145,20110331001701
3790,유  성신양회,사업보고서 (2010.12),성신양회,2011.03.31,연,00132804,20110331001701
3791,기  동북아2호선박투자회사,사업보고서 (2010.12),동북아2호선박투자회사,2011.03.31,연,00502474,20110331001701
3792,유  TP,사업보고서 (2010.12),TP,2011.03.31,,00154329,20110331001701
3793,코  대주산업,사업보고서 (2010.12),대주산업,2011.03.31,,00112457,20110331001701
3794,유  SG글로벌,사업보고서 (2010.12),SG글로벌,2011.03.31,연,00152039,20110331001701
3795,유  조선선재,사업보고서 (2010.12),조선선재,2011.03.31,,00796994,20110331001701
3796,코  유비벨록스,사업보고서 (2010.12),유비벨록스,2011.03.31,정,00592653,20110331001701
3797,코  인텍플러스,사업보고서 (2010.12),인텍플러스,2011.03.31,,00479787,20110331001701
3798,기  우리금융지주,사업보고서 (2010.12),우리금융지주,2011.03.31,연,00375302,20110331001701
3799,유  한세실업  IR,사업보고서 (2010.12),한세실업,2011.03.31,연,00728638,20110331001701
3800,유  코오롱글로벌,사업보고서 (2010.12),코오롱글로벌,2011.03.31,연,00152880,20110331001701
3801,유  동방,사업보고서 (2010.12),동방,2011.03.31,연,00115287,20110331001475
3802,코  미래컴퍼니,사업보고서 (2010.12),미래컴퍼니,2011.03.31,,00447760,20110331001475
3803,코  크레오에스지,사업보고서 (2010.12),크레오에스지,2011.03.31,연,00346407,20110331001475
3804,유  아이에이치큐,사업보고서 (2010.12),아이에이치큐,2011.03.31,,00154426,20110331001475
3805,기  더체인지,사업보고서 (2010.12),더체인지,2011.03.31,,00359094,20110331001475
3806,유  CJ,사업보고서 (2010.12),CJ,2011.03.31,연,00148540,20110331001475
3807,기  부산은행,사업보고서 (2010.12),부산은행,2011.03.31,연,00124106,20110331001475
3808,유  한올바이오파마,사업보고서 (2010.12),한올바이오파마,2011.03.31,,00162586,20110331001475
3809,유  SH에너지화학,사업보고서 (2010.12),SH에너지화학,2011.03.31,연,00136457,20110331001475
3810,기  거북선6호선박투자회사,사업보고서 (2010.12),거북선6호선박투자회사,2011.03.31,,00778059,20110331001475
3811,코  희림,사업보고서 (2010.12),희림,2011.03.31,,00236863,20110331001475
3812,유  코오롱,사업보고서 (2010.12),코오롱,2011.03.31,연,00152862,20110331001475
3813,기  현대페인트,사업보고서 (2010.12),현대페인트,2011.03.31,,00164955,20110331001475
3814,코  진성티이씨,사업보고서 (2010.12),진성티이씨,2011.03.31,연,00174208,20110331001475
3815,코  웰크론한텍  IR,사업보고서 (2010.12),웰크론한텍,2011.03.31,정연,00487546,20110331001475
3816,기  동아출판  IR,사업보고서 (2010.12),동아출판,2011.03.31,,00694818,20110331001475
3817,유  한전기술,사업보고서 (2010.12),한전기술,2011.03.31,정,00159209,20110331001475
3818,코  팅크웨어,사업보고서 (2010.12),팅크웨어,2011.03.31,,00438036,20110331001475
3819,유  제일연마,사업보고서 (2010.12),제일연마,2011.03.31,연,00148461,20110331001475
3820,유  우진플라임,사업보고서 (2010.12),우진플라임,2011.03.31,연,00303217,20110331001475
3821,유  한솔케미칼,사업보고서 (2010.12),한솔케미칼,2011.03.31,연,00140955,20110331001475
3822,기  티브로드,사업보고서 (2010.12),티브로드,2011.03.31,,00413453,20110331001475
3823,기  대신에프앤아이,사업보고서 (2010.12),대신에프앤아이,2011.03.31,연,00416593,20110331001475
3824,유  LG이노텍,사업보고서 (2010.12),LG이노텍,2011.03.31,연,00105961,20110331001475
3825,기  세영디앤씨,사업보고서 (2010.12),세영디앤씨,2011.03.31,,00347877,20110331001475
3826,기  에코바이브,사업보고서 (2010.12),에코바이브,2011.03.31,연,00108065,20110331001475
3827,코  에스에프에이,사업보고서 (2010.12),에스에프에이,2011.03.31,연,00358271,20110331001475
3828,유  키다리스튜디오,사업보고서 (2010.12),키다리스튜디오,2011.03.31,,00140131,20110331001475
3829,코  우리기술투자,사업보고서 (2010.12),우리기술투자,2011.03.31,,00231664,20110331001475
3830,기  오케이투어,사업보고서 (2010.12),오케이투어,2011.03.31,,00261160,20110331001475
3831,코  피제이메탈,사업보고서 (2010.12),피제이메탈,2011.03.31,,00829380,20110331001475
3832,코  아나패스,사업보고서 (2010.12),아나패스,2011.03.31,,00761952,20110331001475
3833,코  씨씨에스,사업보고서 (2010.12),씨씨에스,2011.03.31,,00249441,20110331001475
3834,코  SBI인베스트먼트,사업보고서 (2010.12),SBI인베스트먼트,2011.03.31,연,00156910,20110331001475
3835,유  하나투어,사업보고서 (2010.12),하나투어,2011.03.31,연,00269940,20110331001475
3836,기  플랜텍,사업보고서 (2010.12),플랜텍,2011.03.31,정,00181934,20110331001475
3837,유  동원산업  IR,사업보고서 (2010.12),동원산업,2011.03.31,연,00118026,20110331001475
3838,유  조광피혁,사업보고서 (2010.12),조광피혁,2011.03.31,,00148939,20110331001475
3839,기  거북선5호선박투자회사,사업보고서 (2010.12),거북선5호선박투자회사,2011.03.31,,00778040,20110331001475
3840,유  무림페이퍼,사업보고서 (2010.12),무림페이퍼,2011.03.31,연,00136086,20110331001475
3841,코  디지털대성,사업보고서 (2010.12),디지털대성,2011.03.31,,00398808,20110331001475
3842,기  소리바다,사업보고서 (2010.12),소리바다,2011.03.31,,00352718,20110331001475
3843,기  대성합동지주,사업보고서 (2010.12),대성합동지주,2011.03.31,연,00110495,20110331001475
3844,유  영풍,사업보고서 (2010.12),영풍,2011.03.31,연,00141307,20110331001475
3845,코  토비스,사업보고서 (2010.12),토비스,2011.03.31,,00390365,20110331001475
3846,기  디에이치패션,사업보고서 (2010.12),디에이치패션,2011.03.31,연,00264981,20110331001475
3847,기  스포츠서울,사업보고서 (2010.12),스포츠서울,2011.03.31,연,00298687,20110331001475
3848,기  유에이블,사업보고서 (2010.12),유에이블,2011.03.31,,00416706,20110331001475
3849,기  녹원씨엔아이,사업보고서 (2010.12),녹원씨엔아이,2011.03.31,,00393469,20110331001475
3850,유  한화오션,사업보고서 (2010.12),한화오션,2011.03.31,정연,00111704,20110331001475
3851,유  씨아이테크,사업보고서 (2010.12),씨아이테크,2011.03.31,,00127158,20110331001475
3852,유  남양유업,사업보고서 (2010.12),남양유업,2011.03.31,,00107598,20110331001475
3853,유  무림P&P,사업보고서 (2010.12),무림P&P,2011.03.31,,00119007,20110331001475
3854,기  태림페이퍼,사업보고서 (2010.12),태림페이퍼,2011.03.31,,00118460,20110331001475
3855,기  에이치디씨영창,[기재정정]사업보고서 (2010.12),에이치디씨영창,2011.03.31,,00141282,20110331001475
3856,코  파루,사업보고서 (2010.12),파루,2011.03.31,,00266934,20110331001475
3857,기  바오스,사업보고서 (2010.12),바오스,2011.03.31,,00670243,20110331001475
3858,유  노루페인트,사업보고서 (2010.12),노루페인트,2011.03.31,연,00583442,20110331001475
3859,코  디에스케이,사업보고서 (2010.12),디에스케이,2011.03.31,,00530121,20110331001475
3860,기  패션플러스,사업보고서 (2010.12),패션플러스,2011.03.31,,00268701,20110331001475
3861,유  다스코  IR,사업보고서 (2010.12),다스코,2011.03.31,,00353878,20110331001475
3862,유  NICE,사업보고서 (2010.12),NICE,2011.03.31,연,00158316,20110331001475
3863,유  이수페타시스,사업보고서 (2010.12),이수페타시스,2011.03.31,연,00107613,20110331001475
3864,유  SK가스,사업보고서 (2010.12),SK가스,2011.03.31,연,00144164,20110331001475
3865,유  에이엔피,사업보고서 (2010.12),에이엔피,2011.03.31,연,00143314,20110331001475
3866,코  팬스타엔터프라이즈,사업보고서 (2010.12),팬스타엔터프라이즈,2011.03.31,연,00339072,20110331001475
3867,유  다우기술,사업보고서 (2010.12),다우기술,2011.03.31,연,00176914,20110331001475
3868,기  글로스텍,[기재정정]사업보고서 (2010.12),글로스텍,2011.03.31,연,00102645,20110331001475
3869,기  삼보오토,사업보고서 (2010.12),삼보오토,2011.03.31,,00430089,20110331001475
3870,코  미래나노텍,사업보고서 (2010.12),미래나노텍,2011.03.31,연,00526836,20110331001475
3871,유  국보,사업보고서 (2010.12),국보,2011.03.31,,00104519,20110331001475
3872,유  인천도시가스,사업보고서 (2010.12),인천도시가스,2011.03.31,,00145862,20110331001475
3873,코  유니슨,사업보고서 (2010.12),유니슨,2011.03.31,연,00144243,20110331001475
3874,기  신한카드,사업보고서 (2010.12),신한카드,2011.03.31,,00307897,20110331001475
3875,유  엔씨소프트,사업보고서 (2010.12),엔씨소프트,2011.03.31,연,00261443,20110331001475
3876,유  KTis,사업보고서 (2010.12),KTis,2011.03.31,,00372873,20110331001475
3877,코  유진로봇,사업보고서 (2010.12),유진로봇,2011.03.31,,00234227,20110331001475
3878,기  에스케이엔무브,사업보고서 (2010.12),에스케이엔무브,2011.03.31,연,00786711,20110331001475
3879,코  켐트로닉스,사업보고서 (2010.12),켐트로닉스,2011.03.31,정연,00371485,20110331001475
3880,기  비씨카드,사업보고서 (2010.12),비씨카드,2011.03.31,연,00124656,20110331001475
3881,기  부산도시공사,사업보고서 (2010.12),부산도시공사,2011.03.31,,00855437,20110331001475
3882,코  영풍정밀,사업보고서 (2010.12),영풍정밀,2011.03.31,,00141389,20110331001475
3883,기  하우리,사업보고서 (2010.12),하우리,2011.03.31,,00352000,20110331001475
3884,코  조이시티,사업보고서 (2010.12),조이시티,2011.03.31,,00397252,20110331001475
3885,기  미리넷,사업보고서 (2010.12),미리넷,2011.03.31,정연,00361035,20110331001475
3886,유  KIB플러그에너지,사업보고서 (2010.12),KIB플러그에너지,2011.03.31,정연,00108746,20110331001475
3887,기  한국애보트진단,사업보고서 (2010.12),한국애보트진단,2011.03.31,연,00317089,20110331001475
3888,코  하나마이크론,사업보고서 (2010.12),하나마이크론,2011.03.31,연,00445054,20110331001475
3889,코  지니뮤직  IR,사업보고서 (2010.12),지니뮤직,2011.03.31,,00223762,20110331001475
3890,유  콤텍시스템,사업보고서 (2010.12),콤텍시스템,2011.03.31,연,00186559,20110331001475
3891,기  시노펙스그린테크,사업보고서 (2010.12),시노펙스그린테크,2011.03.31,정연,00261212,20110331001475
3892,기  지앤에스티,사업보고서 (2010.12),지앤에스티,2011.03.31,,00240088,20110331001475
3893,기  닉스테크,사업보고서 (2010.12),닉스테크,2011.03.31,,00359030,20110331001475
3894,코  동양에스텍,사업보고서 (2010.12),동양에스텍,2011.03.31,,00178851,20110331001475
3895,기  한국우사회,사업보고서 (2010.12),한국우사회,2011.03.31,,00369602,20110331001475
3896,유  아모레퍼시픽그룹,사업보고서 (2010.12),아모레퍼시픽그룹,2011.03.31,연,00154462,20110331001475
3897,코  케이티알파,[기재정정]사업보고서 (2010.12),케이티알파,2011.03.31,연,00260958,20110331001475
3898,코  무림SP,사업보고서 (2010.12),무림SP,2011.03.31,,00121507,20110331001475
3899,유  대한해운,사업보고서 (2010.12),대한해운,2011.03.31,연,00113535,20110331001475
3900,유  SPC삼립,사업보고서 (2010.12),SPC삼립,2011.03.31,,00125530,20110331001475
3901,코  네오팜,사업보고서 (2010.12),네오팜,2011.03.31,,00551920,20110331001248
3902,유  샘표,사업보고서 (2010.12),샘표,2011.03.31,,00130091,20110331001248
3903,유  현대비앤지스틸,사업보고서 (2010.12),현대비앤지스틸,2011.03.31,,00125743,20110331001248
3904,코  케이씨피드,사업보고서 (2010.12),케이씨피드,2011.03.31,,00101752,20110331001248
3905,코  SCI평가정보,사업보고서 (2010.12),SCI평가정보,2011.03.31,,00260745,20110331001248
3906,기  한화토탈에너지스,사업보고서 (2010.12),한화토탈에너지스,2011.03.31,,00461593,20110331001248
3907,유  S-Oil,사업보고서 (2010.12),S-Oil,2011.03.31,연,00138279,20110331001248
3908,기  우림건설,사업보고서 (2010.12),우림건설,2011.03.31,,00194248,20110331001248
3909,유  OCI홀딩스,사업보고서 (2010.12),OCI홀딩스,2011.03.31,연,00148896,20110331001248
3910,코  드래곤플라이,사업보고서 (2010.12),드래곤플라이,2011.03.31,,00230036,20110331001248
3911,유  풍산홀딩스,사업보고서 (2010.12),풍산홀딩스,2011.03.31,연,00155531,20110331001248
3912,코  에스티아이,사업보고서 (2010.12),에스티아이,2011.03.31,,00298340,20110331001248
3913,코  테라사이언스,사업보고서 (2010.12),테라사이언스,2011.03.31,연,00373021,20110331001248
3914,유  대성에너지,사업보고서 (2010.12),대성에너지,2011.03.31,,00787376,20110331001248
3915,유  KH 필룩스,사업보고서 (2010.12),KH 필룩스,2011.03.31,정연,00193009,20110331001248
3916,유  한국가스공사,사업보고서 (2010.12),한국가스공사,2011.03.31,연,00261285,20110331001248
3917,기  웅진에너지,사업보고서 (2010.12),웅진에너지,2011.03.31,,00609485,20110331001248
3918,코  투비소프트,[첨부정정]사업보고서 (2010.12),투비소프트,2011.03.31,,00596260,20110331001248
3919,기  성원아이북랜드,사업보고서 (2010.12),성원아이북랜드,2011.03.31,정,00398950,20110331001248
3920,코  비엠티,사업보고서 (2010.12),비엠티,2011.03.31,,00524786,20110331001248
3921,유  HS애드,사업보고서 (2010.12),HS애드,2011.03.31,연,00140168,20110331001248
3922,코  상보,사업보고서 (2010.12),상보,2011.03.31,,00129615,20110331001248
3923,기  에이스앤파트너스,사업보고서 (2010.12),에이스앤파트너스,2011.03.31,연,00200798,20110331001248
3924,유  DB,사업보고서 (2010.12),DB,2011.03.31,,00163345,20110331001248
3925,기  디앤오,사업보고서 (2010.12),디앤오,2011.03.31,연,00395324,20110331001248
3926,기  삼양엔텍,사업보고서 (2010.12),삼양엔텍,2011.03.31,,00127024,20110331001248
3927,기  성지건설,사업보고서 (2010.12),성지건설,2011.03.31,정,00133238,20110331001248
3928,유  현대로템,사업보고서 (2010.12),현대로템,2011.03.31,연,00302926,20110331001248
3929,코  국일제지,사업보고서 (2010.12),국일제지,2011.03.31,연,00104573,20110331001248
3930,유  경농,사업보고서 (2010.12),경농,2011.03.31,,00101433,20110331001248
3931,기  중앙건설,사업보고서 (2010.12),중앙건설,2011.03.31,,00149664,20110331001248
3932,코  플랜티넷,사업보고서 (2010.12),플랜티넷,2011.03.31,,00490179,20110331001248
3933,코  톱텍,[기재정정]사업보고서 (2010.12),톱텍,2011.03.31,정연,00531917,20110331001248
3934,유  디아이동일,사업보고서 (2010.12),디아이동일,2011.03.31,연,00118345,20110331001248
3935,유  팜스코,사업보고서 (2010.12),팜스코,2011.03.31,,00260408,20110331001248
3936,코  대정화금,사업보고서 (2010.12),대정화금,2011.03.31,,00250997,20110331001248
3937,기  오케이캐피탈,사업보고서 (2010.12),오케이캐피탈,2011.03.31,,00148434,20110331001248
3938,기  쌍용건설,사업보고서 (2010.12),쌍용건설,2011.03.31,연,00138206,20110331001248
3939,기  한겨레신문,사업보고서 (2010.12),한겨레신문,2011.03.31,,00156275,20110331001248
3940,코  예스24,사업보고서 (2010.12),예스24,2011.03.31,,00362858,20110331001248
3941,코  한성크린텍,사업보고서 (2010.12),한성크린텍,2011.03.31,연,00389998,20110331001248
3942,기  한국씨티은행,사업보고서 (2010.12),한국씨티은행,2011.03.31,연,00161444,20110331001248
3943,기  코리아세븐,사업보고서 (2010.12),코리아세븐,2011.03.31,정,00186513,20110331001248
3944,유  갤럭시아에스엠,사업보고서 (2010.12),갤럭시아에스엠,2011.03.31,,00129554,20110331001248
3945,유  케이씨티시,사업보고서 (2010.12),케이씨티시,2011.03.31,연,00103042,20110331001248
3946,유  NAVER  IR,사업보고서 (2010.12),NAVER,2011.03.31,연,00266961,20110331001248
3947,기  한국서부발전,사업보고서 (2010.12),한국서부발전,2011.03.31,,00383019,20110331001248
3948,코  코미팜,사업보고서 (2010.12),코미팜,2011.03.31,,00187415,20110331001248
3949,기  전남개발공사,[기재정정]사업보고서 (2010.12),전남개발공사,2011.03.31,,00856825,20110331001248
3950,코  코맥스,사업보고서 (2010.12),코맥스,2011.03.31,정연,00268118,20110331001248
3951,코  안랩,사업보고서 (2010.12),안랩,2011.03.31,,00298270,20110331001248
3952,코  코데즈컴바인  IR,사업보고서 (2010.12),코데즈컴바인,2011.03.31,연,00329093,20110331001248
3953,코  삼목에스폼,사업보고서 (2010.12),삼목에스폼,2011.03.31,,00125646,20110331001248
3954,기  신성에프에이,사업보고서 (2010.12),신성에프에이,2011.03.31,,00686147,20110331001248
3955,기  신동방CP,사업보고서 (2010.12),신동방CP,2011.03.31,,00115427,20110331001248
3956,코  티씨케이,사업보고서 (2010.12),티씨케이,2011.03.31,,00245472,20110331001248
3957,유  화승코퍼레이션,사업보고서 (2010.12),화승코퍼레이션,2011.03.31,연,00166272,20110331001248
3958,코  에이티넘인베스트,사업보고서 (2010.12),에이티넘인베스트,2011.03.31,,00161462,20110331001248
3959,코  이엘씨,사업보고서 (2010.12),이엘씨,2011.03.31,연,00137289,20110331001248
3960,기  팜한농,사업보고서 (2010.12),팜한농,2011.03.31,연,00826435,20110331001248
3961,코  원풍물산,사업보고서 (2010.12),원풍물산,2011.03.31,,00144021,20110331001248
3962,코  에이스테크,사업보고서 (2010.12),에이스테크,2011.03.31,,00556907,20110331001248
3963,기  녹십자셀,사업보고서 (2010.12),녹십자셀,2011.03.31,연,00198378,20110331001248
3964,유  대림통상,사업보고서 (2010.12),대림통상,2011.03.31,연,00109824,20110331001248
3965,코  고려신용정보,사업보고서 (2010.12),고려신용정보,2011.03.31,,00336297,20110331001248
3966,기  인프라넷  IR,사업보고서 (2010.12),인프라넷,2011.03.31,,00263779,20110331001248
3967,기  선진지주,사업보고서 (2010.12),선진지주,2011.03.31,연,00132114,20110331001248
3968,코  KS인더스트리,사업보고서 (2010.12),KS인더스트리,2011.03.31,,00618410,20110331001248
3969,유  한익스프레스,사업보고서 (2010.12),한익스프레스,2011.03.31,,00129509,20110331001248
3970,유  신풍제약,사업보고서 (2010.12),신풍제약,2011.03.31,연,00137359,20110331001248
3971,유  대원강업,사업보고서 (2010.12),대원강업,2011.03.31,연,00111847,20110331001248
3972,유  하이트진로,사업보고서 (2010.12),하이트진로,2011.03.31,연,00150244,20110331001248
3973,유  대한항공,사업보고서 (2010.12),대한항공,2011.03.31,연,00113526,20110331001248
3974,기  신텍,[기재정정]사업보고서 (2010.12),신텍,2011.03.31,정,00599887,20110331001248
3975,기  LS전선,사업보고서 (2010.12),LS전선,2011.03.31,,00683283,20110331001248
3976,코  삼영엠텍,사업보고서 (2010.12),삼영엠텍,2011.03.31,연,00250614,20110331001248
3977,기  신일건업,사업보고서 (2010.12),신일건업,2011.03.31,연,00136970,20110331001248
3978,코  티플랙스,사업보고서 (2010.12),티플랙스,2011.03.31,,00497631,20110331001248
3979,기  심팩메탈,사업보고서 (2010.12),심팩메탈,2011.03.31,,00163789,20110331001248
3980,코  엔에스이엔엠,사업보고서 (2010.12),엔에스이엔엠,2011.03.31,,00543204,20110331001248
3981,유  HD현대미포,사업보고서 (2010.12),HD현대미포,2011.03.31,연,00164609,20110331001248
3982,유  까뮤이앤씨,사업보고서 (2010.12),까뮤이앤씨,2011.03.31,,00129420,20110331001248
3983,기  에스케이렌터카,사업보고서 (2010.12),에스케이렌터카,2011.03.31,,00201450,20110331001248
3984,코  에스티큐브,사업보고서 (2010.12),에스티큐브,2011.03.31,,00273110,20110331001248
3985,유  영풍제지,사업보고서 (2010.12),영풍제지,2011.03.31,정,00141404,20110331001248
3986,코  삼보판지,사업보고서 (2010.12),삼보판지,2011.03.31,연,00125938,20110331001248
3987,유  주성코퍼레이션,사업보고서 (2010.12),주성코퍼레이션,2011.03.31,,00753643,20110331001248
3988,유  한전KPS,사업보고서 (2010.12),한전KPS,2011.03.31,,00159218,20110331001248
3989,코  그래디언트,사업보고서 (2010.12),그래디언트,2011.03.31,연,00244561,20110331001248
3990,기  메타넷디지털,사업보고서 (2010.12),메타넷디지털,2011.03.31,,00192347,20110331001248
3991,유  메타랩스,사업보고서 (2010.12),메타랩스,2011.03.31,,00442835,20110331001248
3992,유  광전자,사업보고서 (2010.12),광전자,2011.03.31,연,00152729,20110331001248
3993,유  대교  IR,사업보고서 (2010.12),대교,2011.03.31,연,00108913,20110331001248
3994,코  메가스터디,사업보고서 (2010.12),메가스터디,2011.03.31,정연,00422284,20110331001248
3995,코  로체시스템즈,사업보고서 (2010.12),로체시스템즈,2011.03.31,,00363486,20110331001248
3996,코  제이스코홀딩스,사업보고서 (2010.12),제이스코홀딩스,2011.03.31,,00148531,20110331001248
3997,코  잉크테크,사업보고서 (2010.12),잉크테크,2011.03.31,,00261656,20110331001248
3998,기  보진재,사업보고서 (2010.12),보진재,2011.03.31,,00123514,20110331001248
3999,코  세원물산,사업보고서 (2010.12),세원물산,2011.03.31,,00173591,20110331001248
4000,기  에이치디씨리조트,사업보고서 (2010.12),에이치디씨리조트,2011.03.31,정,00196370,20110331001248
4001,코  알에프세미,사업보고서 (2010.12),알에프세미,2011.03.31,,00516246,20110331001045
4002,유  케이씨  IR,사업보고서 (2010.12),케이씨,2011.03.31,연,00209780,20110331001045
4003,유  동화약품,사업보고서 (2010.12),동화약품,2011.03.31,,00119195,20110331001045
4004,코  우리바이오,사업보고서 (2010.12),우리바이오,2011.03.31,연,00369107,20110331001045
4005,유  흥아해운,사업보고서 (2010.12),흥아해운,2011.03.31,연,00167208,20110331001045
4006,코  오디텍,사업보고서 (2010.12),오디텍,2011.03.31,연,00529815,20110331001045
4007,유  고려산업,사업보고서 (2010.12),고려산업,2011.03.31,연,00102751,20110331001045
4008,유  동양고속,사업보고서 (2010.12),동양고속,2011.03.31,연,00540641,20110331001045
4009,유  태림포장,사업보고서 (2010.12),태림포장,2011.03.31,연,00153524,20110331001045
4010,기  영찬테크,사업보고서 (2010.12),영찬테크,2011.03.31,,00480905,20110331001045
4011,유  무학,사업보고서 (2010.12),무학,2011.03.31,정,00121543,20110331001045
4012,유  평화홀딩스,사업보고서 (2010.12),평화홀딩스,2011.03.31,연,00155124,20110331001045
4013,유  삼천리,사업보고서 (2010.12),삼천리,2011.03.31,연,00128555,20110331001045
4014,코  비케이홀딩스,사업보고서 (2010.12),비케이홀딩스,2011.03.31,,00369569,20110331001045
4015,기  보광티에스,사업보고서 (2010.12),보광티에스,2011.03.31,,00251385,20110331001045
4016,기  드림라인,사업보고서 (2010.12),드림라인,2011.03.31,,00249034,20110331001045
4017,코  코오롱생명과학,사업보고서 (2010.12),코오롱생명과학,2011.03.31,,00525642,20110331001045
4018,유  제이준코스메틱,사업보고서 (2010.12),제이준코스메틱,2011.03.31,,00136776,20110331001045
4019,코  티에스넥스젠,사업보고서 (2010.12),티에스넥스젠,2011.03.31,,00317487,20110331001045
4020,코  세명전기,사업보고서 (2010.12),세명전기,2011.03.31,,00133751,20110331001045
4021,기  에스케이마리타임,사업보고서 (2010.12),에스케이마리타임,2011.03.31,연,00144207,20110331001045
4022,유  일진전기,사업보고서 (2010.12),일진전기,2011.03.31,,00683469,20110331001045
4023,코  기산텔레콤,사업보고서 (2010.12),기산텔레콤,2011.03.31,정연,00258421,20110331001045
4024,코  폴라리스AI파마,사업보고서 (2010.12),폴라리스AI파마,2011.03.31,,00463342,20110331001045
4025,유  한국앤컴퍼니,사업보고서 (2010.12),한국앤컴퍼니,2011.03.31,연,00160047,20110331001045
4026,기  코원플레이,사업보고서 (2010.12),코원플레이,2011.03.31,,00361266,20110331001045
4027,유  모나미,사업보고서 (2010.12),모나미,2011.03.31,연,00121288,20110331001045
4028,유  보해양조,사업보고서 (2010.12),보해양조,2011.03.31,연,00123541,20110331001045
4029,코  대화제약,사업보고서 (2010.12),대화제약,2011.03.31,,00210740,20110331001045
4030,코  에스텍,사업보고서 (2010.12),에스텍,2011.03.31,연,00306719,20110331001045
4031,코  삼보산업,사업보고서 (2010.12),삼보산업,2011.03.31,,00125822,20110331001045
4032,코  세종텔레콤,사업보고서 (2010.12),세종텔레콤,2011.03.31,,00268002,20110331001045
4033,코  아난티,사업보고서 (2010.12),아난티,2011.03.31,,00161781,20110331001045
4034,유  아세아,사업보고서 (2010.12),아세아,2011.03.31,연,00138701,20110331001045
4035,코  JW신약,사업보고서 (2010.12),JW신약,2011.03.31,,00110431,20110331001045
4036,코  시그네틱스,사업보고서 (2010.12),시그네틱스,2011.03.31,,00158219,20110331001045
4037,기  휴먼텍코리아,사업보고서 (2010.12),휴먼텍코리아,2011.03.31,연,00371519,20110331001045
4038,유  GKL,사업보고서 (2010.12),GKL,2011.03.31,,00557508,20110331001045
4039,기  하이디스테크놀로지,사업보고서 (2010.12),하이디스테크놀로지,2011.03.31,연,00481409,20110331001045
4040,코  큐캐피탈,사업보고서 (2010.12),큐캐피탈,2011.03.31,정연,00267942,20110331001045
4041,코  뉴보텍,사업보고서 (2010.12),뉴보텍,2011.03.31,,00351375,20110331001045
4042,기  호반산업,사업보고서 (2010.12),호반산업,2011.03.31,정,00144766,20110331001045
4043,기  아구스,사업보고서 (2010.12),아구스,2011.03.31,,00537443,20110331001045
4044,유  종근당바이오,사업보고서 (2010.12),종근당바이오,2011.03.31,,00390055,20110331001045
4045,코  원일특강,사업보고서 (2010.12),원일특강,2011.03.31,,00143907,20110331001045
4046,기  네오퍼플,사업보고서 (2010.12),네오퍼플,2011.03.31,,00121251,20110331001045
4047,기  더존비앤에프  IR,사업보고서 (2010.12),더존비앤에프,2011.03.31,,00693299,20110331001045
4048,기  에스에이치엔엘,사업보고서 (2010.12),에스에이치엔엘,2011.03.31,,00245898,20110331001045
4049,유  농심,사업보고서 (2010.12),농심,2011.03.31,연,00108241,20110331001045
4050,코  KBI메탈,사업보고서 (2010.12),KBI메탈,2011.03.31,,00158024,20110331001045
4051,유  삼진제약,사업보고서 (2010.12),삼진제약,2011.03.31,,00128412,20110331001045
4052,코  플레이위드,사업보고서 (2010.12),플레이위드,2011.03.31,연,00138367,20110331001045
4053,기  호텔롯데,사업보고서 (2010.12),호텔롯데,2011.03.31,정연,00165653,20110331001045
4054,기  지유온  IR,사업보고서 (2010.12),지유온,2011.03.31,,00689418,20110331001045
4055,코  KG이니시스,사업보고서 (2010.12),KG이니시스,2011.03.31,연,00264547,20110331001045
4056,유  금양,사업보고서 (2010.12),금양,2011.03.31,연,00106119,20110331001045
4057,유  태양금속공업,사업보고서 (2010.12),태양금속공업,2011.03.31,연,00153755,20110331001045
4058,유  가온전선,사업보고서 (2010.12),가온전선,2011.03.31,,00104768,20110331001045
4059,코  에스씨디,사업보고서 (2010.12),에스씨디,2011.03.31,,00171867,20110331001045
4060,유  이건산업,사업보고서 (2010.12),이건산업,2011.03.31,연,00145446,20110331001045
4061,유  웅진씽크빅  IR,사업보고서 (2010.12),웅진씽크빅,2011.03.31,연,00628189,20110331001045
4062,유  황금에스티,사업보고서 (2010.12),황금에스티,2011.03.31,연,00218575,20110331001045
4063,코  제이스텍,사업보고서 (2010.12),제이스텍,2011.03.31,연,00493185,20110331001045
4064,기  신한캐피탈,사업보고서 (2010.12),신한캐피탈,2011.03.31,연,00137456,20110331001045
4065,코  국보디자인,사업보고서 (2010.12),국보디자인,2011.03.31,연,00253985,20110331001045
4066,기  트레이스,사업보고서 (2010.12),트레이스,2011.03.31,,00348177,20110331001045
4067,기  경남에너지,사업보고서 (2010.12),경남에너지,2011.03.31,연,00101336,20110331001045
4068,유  한창제지,사업보고서 (2010.12),한창제지,2011.03.31,,00163761,20110331001045
4069,기  동양매직,사업보고서 (2010.12),동양매직,2011.03.31,,00198572,20110331001045
4070,유  풀무원,사업보고서 (2010.12),풀무원,2011.03.31,연,00155355,20110331001045
4071,기  부산롯데호텔,사업보고서 (2010.12),부산롯데호텔,2011.03.31,,00124212,20110331001045
4072,코  신라섬유,사업보고서 (2010.12),신라섬유,2011.03.31,,00135999,20110331001045
4073,기  생고뱅코리아홀딩스,사업보고서 (2010.12),생고뱅코리아홀딩스,2011.03.31,정연,00159005,20110331001045
4074,코  하이록코리아,사업보고서 (2010.12),하이록코리아,2011.03.31,,00165060,20110331001045
4075,코  케이티알파,사업보고서 (2010.12),케이티알파,2011.03.31,정연,00260958,20110331001045
4076,유  LX세미콘  IR,사업보고서 (2010.12),LX세미콘,2011.03.31,,00525934,20110331001045
4077,기  코오롱아이넷,사업보고서 (2010.12),코오롱아이넷,2011.03.31,연,00186540,20110331001045
4078,기  에스트라,사업보고서 (2010.12),에스트라,2011.03.31,,00154392,20110331001045
4079,기  엠피씨플러스,사업보고서 (2010.12),엠피씨플러스,2011.03.31,정연,00302078,20110331001045
4080,기  조은시스템,사업보고서 (2010.12),조은시스템,2011.03.31,,00373650,20110331001045
4081,유  한신공영,사업보고서 (2010.12),한신공영,2011.03.31,정,00162063,20110331001045
4082,기  텔라움,사업보고서 (2010.12),텔라움,2011.03.31,,00304401,20110331001045
4083,기  한국아트라스비엑스,사업보고서 (2010.12),한국아트라스비엑스,2011.03.31,,00159290,20110331001045
4084,코  바이오니아  IR,사업보고서 (2010.12),바이오니아,2011.03.31,,00326731,20110331001045
4085,유  원림,사업보고서 (2010.12),원림,2011.03.31,정연,00143794,20110331001045
4086,기  에스엔유프리시젼,사업보고서 (2010.12),에스엔유프리시젼,2011.03.31,정,00455981,20110331001045
4087,코  엑스큐어,사업보고서 (2010.12),엑스큐어,2011.03.31,,00683007,20110331001045
4088,코  한일사료,사업보고서 (2010.12),한일사료,2011.03.31,연,00162911,20110331001045
4089,코  엠젠솔루션,사업보고서 (2010.12),엠젠솔루션,2011.03.31,,00110884,20110331001045
4090,코  베뉴지  IR,사업보고서 (2010.12),베뉴지,2011.03.31,연,00267906,20110331001045
4091,기  우리기업인수목적1호,사업보고서 (2010.12),우리기업인수목적1호,2011.03.31,정,00803504,20110331001045
4092,코  SGA,사업보고서 (2010.12),SGA,2011.03.31,정연,00351579,20110331001045
4093,유  미래아이앤지,사업보고서 (2010.12),미래아이앤지,2011.03.31,,00104786,20110331001045
4094,코  우주일렉트로,사업보고서 (2010.12),우주일렉트로,2011.03.31,연,00390903,20110331001045
4095,유  YG PLUS,사업보고서 (2010.12),YG PLUS,2011.03.31,,00249247,20110331001045
4096,기  대양글로벌,사업보고서 (2010.12),대양글로벌,2011.03.31,,00269773,20110331001045
4097,코  성호전자,사업보고서 (2010.12),성호전자,2011.03.31,연,00317210,20110331001045
4098,유  AK홀딩스,사업보고서 (2010.12),AK홀딩스,2011.03.31,연,00125080,20110331001045
4099,코  에스에이엠티,사업보고서 (2010.12),에스에이엠티,2011.03.31,연,00128661,20110331001045
4100,유  화천기공,사업보고서 (2010.12),화천기공,2011.03.31,연,00166519,20110331001045
4101,기  엘지씨엔에스,사업보고서 (2010.12),엘지씨엔에스,2011.03.31,연,00139834,20110331000819
4102,유  신풍,사업보고서 (2010.12),신풍,2011.03.31,,00137368,20110331000819
4103,유  참엔지니어링,사업보고서 (2010.12),참엔지니어링,2011.03.31,정연,00153621,20110331000819
4104,코  프럼파스트,사업보고서 (2010.12),프럼파스트,2011.03.31,,00356389,20110331000819
4105,기  위노바,사업보고서 (2010.12),위노바,2011.03.31,,00261735,20110331000819
4106,유  신성이엔지,사업보고서 (2010.12),신성이엔지,2011.03.31,연,00136271,20110331000819
4107,코  프로텍,사업보고서 (2010.12),프로텍,2011.03.31,정,00325112,20110331000819
4108,기  오리엔트전자,사업보고서 (2010.12),오리엔트전자,2011.03.31,,00239888,20110331000819
4109,코  인베니아,사업보고서 (2010.12),인베니아,2011.03.31,,00409371,20110331000819
4110,유  아모레퍼시픽,사업보고서 (2010.12),아모레퍼시픽,2011.03.31,연,00583424,20110331000819
4111,기  엘티삼보,사업보고서 (2010.12),엘티삼보,2011.03.31,,00125910,20110331000819
4112,기  키오스크테크놀로지,사업보고서 (2010.12),키오스크테크놀로지,2011.03.31,,00540313,20110331000819
4113,코  KNN,사업보고서 (2010.12),KNN,2011.03.31,정,00208134,20110331000819
4114,유  비비안,사업보고서 (2010.12),비비안,2011.03.31,연,00107677,20110331000819
4115,코  인터플렉스,사업보고서 (2010.12),인터플렉스,2011.03.31,,00369170,20110331000819
4116,기  미래SCI,사업보고서 (2010.12),미래SCI,2011.03.31,,00111865,20110331000819
4117,기  한국전기초자,사업보고서 (2010.12),한국전기초자,2011.03.31,,00159175,20110331000819
4118,유  조비,사업보고서 (2010.12),조비,2011.03.31,,00148948,20110331000819
4119,유  대호에이엘,사업보고서 (2010.12),대호에이엘,2011.03.31,,00428729,20110331000819
4120,코  인바디,사업보고서 (2010.12),인바디,2011.03.31,,00269922,20110331000819
4121,유  영보화학,사업보고서 (2010.12),영보화학,2011.03.31,연,00140779,20110331000819
4122,코  누리플렉스,사업보고서 (2010.12),누리플렉스,2011.03.31,연,00269889,20110331000819
4123,기  아리온테크놀로지,사업보고서 (2010.12),아리온테크놀로지,2011.03.31,,00441128,20110331000819
4124,기  경기도시공사,사업보고서 (2010.12),경기도시공사,2011.03.31,정,00858373,20110331000819
4125,기  코오롱글로텍,사업보고서 (2010.12),코오롱글로텍,2011.03.31,,00152923,20110331000819
4126,기  미성포리테크,사업보고서 (2010.12),미성포리테크,2011.03.31,연,00530796,20110331000819
4127,유  백광산업,사업보고서 (2010.12),백광산업,2011.03.31,연,00122472,20110331000819
4128,코  에이치케이,사업보고서 (2010.12),에이치케이,2011.03.31,,00235183,20110331000819
4129,코  한주에이알티,사업보고서 (2010.12),한주에이알티,2011.03.31,,00146427,20110331000819
4130,코  YW,사업보고서 (2010.12),YW,2011.03.31,,00296263,20110331000819
4131,코  와토스코리아,사업보고서 (2010.12),와토스코리아,2011.03.31,,00455875,20110331000819
4132,기  나노트로닉스,사업보고서 (2010.12),나노트로닉스,2011.03.31,연,00268437,20110331000819
4133,기  에스지신성건설,사업보고서 (2010.12),에스지신성건설,2011.03.31,연,00173661,20110331000819
4134,코  유진기업,사업보고서 (2010.12),유진기업,2011.03.31,연,00184667,20110331000819
4135,코  인터로조,사업보고서 (2010.12),인터로조,2011.03.31,,00604426,20110331000819
4136,기  에스에스컴텍,사업보고서 (2010.12),에스에스컴텍,2011.03.31,연,00267960,20110331000819
4137,코  금강철강,사업보고서 (2010.12),금강철강,2011.03.31,,00105475,20110331000819
4138,코  슈프리마에이치큐,사업보고서 (2010.12),슈프리마에이치큐,2011.03.31,,00599957,20110331000819
4139,기  엔터미디어,사업보고서 (2010.12),엔터미디어,2011.03.31,연,00407975,20110331000819
4140,유  비에이치,사업보고서 (2010.12),비에이치,2011.03.31,연,00447609,20110331000819
4141,코  상상인  IR,사업보고서 (2010.12),상상인,2011.03.31,,00306162,20110331000819
4142,코  대림제지,사업보고서 (2010.12),대림제지,2011.03.31,,00109781,20110331000819
4143,코  모두투어,사업보고서 (2010.12),모두투어,2011.03.31,,00456218,20110331000819
4144,코  유비케어,사업보고서 (2010.12),유비케어,2011.03.31,,00220057,20110331000819
4145,코  이트론,사업보고서 (2010.12),이트론,2011.03.31,,00480756,20110331000819
4146,코  성우하이텍,사업보고서 (2010.12),성우하이텍,2011.03.31,연,00132992,20110331000819
4147,코  동신건설,사업보고서 (2010.12),동신건설,2011.03.31,,00116408,20110331000819
4148,코  삼영이엔씨,사업보고서 (2010.12),삼영이엔씨,2011.03.31,정,00288343,20110331000819
4149,코  서울옥션,사업보고서 (2010.12),서울옥션,2011.03.31,,00410915,20110331000819
4150,기  환영철강공업,사업보고서 (2010.12),환영철강공업,2011.03.31,,00166546,20110331000819
4151,코  현대바이오,사업보고서 (2010.12),현대바이오,2011.03.31,연,00313649,20110331000819
4152,유  아남전자,사업보고서 (2010.12),아남전자,2011.03.31,연,00138516,20110331000819
4153,코  이수앱지스,사업보고서 (2010.12),이수앱지스,2011.03.31,,00526872,20110331000819
4154,기  삼성에스엔에스,사업보고서 (2010.12),삼성에스엔에스,2011.03.31,,00207728,20110331000819
4155,유  티에이치엔,사업보고서 (2010.12),티에이치엔,2011.03.31,연,00118965,20110331000819
4156,코  뉴온,사업보고서 (2010.12),뉴온,2011.03.31,,00809429,20110331000819
4157,유  서울도시가스,사업보고서 (2010.12),서울도시가스,2011.03.31,연,00130684,20110331000819
4158,기  아라온테크,사업보고서 (2010.12),아라온테크,2011.03.31,연,00264857,20110331000819
4159,기  파나케이아,사업보고서 (2010.12),파나케이아,2011.03.31,,00353018,20110331000819
4160,유  엔케이,사업보고서 (2010.12),엔케이,2011.03.31,연,00172228,20110331000819
4161,기  완도전복,사업보고서 (2010.12),완도전복,2011.03.31,,00753573,20110331000819
4162,유  삼영무역,사업보고서 (2010.12),삼영무역,2011.03.31,,00127167,20110331000819
4163,기  유정메디칼,사업보고서 (2010.12),유정메디칼,2011.03.31,,00268394,20110331000819
4164,기  현대에이치씨엔동작방송,사업보고서 (2010.12),현대에이치씨엔동작방송,2011.03.31,,00255071,20110331000819
4165,유  코스맥스비티아이,사업보고서 (2010.12),코스맥스비티아이,2011.03.31,연,00219574,20110331000819
4166,코  엠벤처투자,사업보고서 (2010.12),엠벤처투자,2011.03.31,정,00136642,20110331000819
4167,기  아시아미디어홀딩스,사업보고서 (2010.12),아시아미디어홀딩스,2011.03.31,,00355292,20110331000819
4168,기  케이씨더블류,사업보고서 (2010.12),케이씨더블류,2011.03.31,연,00175650,20110331000819
4169,코  보성파워텍,사업보고서 (2010.12),보성파워텍,2011.03.31,,00267881,20110331000819
4170,코  웨이브일렉트로,사업보고서 (2010.12),웨이브일렉트로,2011.03.31,,00526696,20110331000819
4171,기  영진코퍼레이션,사업보고서 (2010.12),영진코퍼레이션,2011.03.31,연,00356158,20110331000819
4172,코  제이엔케이글로벌,사업보고서 (2010.12),제이엔케이글로벌,2011.03.31,연,00442154,20110331000819
4173,코  바이넥스,사업보고서 (2010.12),바이넥스,2011.03.31,,00216027,20110331000819
4174,유  에스제이엠홀딩스,사업보고서 (2010.12),에스제이엠홀딩스,2011.03.31,연,00181943,20110331000819
4175,기  현대트랜시스,사업보고서 (2010.12),현대트랜시스,2011.03.31,,00302634,20110331000819
4176,유  에스제이엠,사업보고서 (2010.12),에스제이엠,2011.03.31,연,00815369,20110331000819
4177,유  알루코,사업보고서 (2010.12),알루코,2011.03.31,연,00117027,20110331000819
4178,코  아모텍,사업보고서 (2010.12),아모텍,2011.03.31,연,00298447,20110331000819
4179,유  자화전자,사업보고서 (2010.12),자화전자,2011.03.31,연,00146861,20110331000819
4180,코  세진티에스,[기재정정]사업보고서 (2010.12),세진티에스,2011.03.31,연,00406727,20110331000819
4181,코  다산네트웍스  IR,사업보고서 (2010.12),다산네트웍스,2011.03.31,연,00268251,20110331000819
4182,기  에피밸리,사업보고서 (2010.12),에피밸리,2011.03.31,연,00301486,20110331000819
4183,코  제일테크노스,사업보고서 (2010.12),제일테크노스,2011.03.31,,00148595,20110331000819
4184,코  KB오토시스,사업보고서 (2010.12),KB오토시스,2011.03.31,연,00157539,20110331000819
4185,코  인포바인,사업보고서 (2010.12),인포바인,2011.03.31,,00491415,20110331000819
4186,유  계양전기  IR,사업보고서 (2010.12),계양전기,2011.03.31,정연,00102618,20110331000819
4187,기  글로스텍,사업보고서 (2010.12),글로스텍,2011.03.31,정연,00102645,20110331000819
4188,기  아이팩토리,사업보고서 (2010.12),아이팩토리,2011.03.31,연,00351047,20110331000819
4189,코  서울전자통신,사업보고서 (2010.12),서울전자통신,2011.03.31,연,00130587,20110331000819
4190,코  경창산업,사업보고서 (2010.12),경창산업,2011.03.31,,00102353,20110331000819
4191,코  옵트론텍,사업보고서 (2010.12),옵트론텍,2011.03.31,정연,00327396,20110331000819
4192,코  제이브이엠,사업보고서 (2010.12),제이브이엠,2011.03.31,,00361381,20110331000819
4193,유  세이브존I&C,사업보고서 (2010.12),세이브존I&C,2011.03.31,연,00422895,20110331000819
4194,기  에스피컴텍,사업보고서 (2010.12),에스피컴텍,2011.03.31,,00268181,20110331000819
4195,코  딜리,사업보고서 (2010.12),딜리,2011.03.31,,00629212,20110331000819
4196,코  삼천당제약,사업보고서 (2010.12),삼천당제약,2011.03.31,,00128546,20110331000819
4197,코  제이씨현시스템,사업보고서 (2010.12),제이씨현시스템,2011.03.31,,00223513,20110331000819
4198,기  행남사,사업보고서 (2010.12),행남사,2011.03.31,연,00164362,20110331000819
4199,코  케이엔더블유,사업보고서 (2010.12),케이엔더블유,2011.03.31,,00606664,20110331000819
4200,유  대한제강,사업보고서 (2010.12),대한제강,2011.03.31,연,00113225,20110331000819
4201,기  동양건설산업,사업보고서 (2010.12),동양건설산업,2011.03.31,연,00117072,20110331000577
4202,유  동아지질,사업보고서 (2010.12),동아지질,2011.03.31,,00178754,20110331000577
4203,기  자유투어,사업보고서 (2010.12),자유투어,2011.03.31,,00343127,20110331000577
4204,유  동원시스템즈,사업보고서 (2010.12),동원시스템즈,2011.03.31,연,00132637,20110331000577
4205,유  HS화성,사업보고서 (2010.12),HS화성,2011.03.31,연,00174527,20110331000577
4206,코  오상헬스케어,사업보고서 (2010.12),오상헬스케어,2011.03.31,,00260657,20110331000577
4207,코  오스템,사업보고서 (2010.12),오스템,2011.03.31,연,00175173,20110331000577
4208,코  자연과환경,사업보고서 (2010.12),자연과환경,2011.03.31,,00418379,20110331000577
4209,코  컴투스,사업보고서 (2010.12),컴투스,2011.03.31,,00476498,20110331000577
4210,유  주연테크,사업보고서 (2010.12),주연테크,2011.03.31,,00269241,20110331000577
4211,코  삼보모터스,사업보고서 (2010.12),삼보모터스,2011.03.31,,00351092,20110331000577
4212,코  테스,사업보고서 (2010.12),테스,2011.03.31,,00524421,20110331000577
4213,기  디엘건설,사업보고서 (2010.12),디엘건설,2011.03.31,,00128971,20110331000577
4214,기  제이에스전선,사업보고서 (2010.12),제이에스전선,2011.03.31,정,00140362,20110331000577
4215,유  남성,사업보고서 (2010.12),남성,2011.03.31,정연,00172185,20110331000577
4216,코  미코,사업보고서 (2010.12),미코,2011.03.31,연,00366942,20110331000577
4217,유  한솔테크닉스,사업보고서 (2010.12),한솔테크닉스,2011.03.31,연,00157399,20110331000577
4218,코  레드캡투어  IR,사업보고서 (2010.12),레드캡투어,2011.03.31,,00261355,20110331000577
4219,기  디아이디,사업보고서 (2010.12),디아이디,2011.03.31,연,00302801,20110331000577
4220,코  SGC E&C,사업보고서 (2010.12),SGC E&C,2011.03.31,연,00141246,20110331000577
4221,유  롯데에너지머티리얼즈,사업보고서 (2010.12),롯데에너지머티리얼즈,2011.03.31,,00113997,20110331000577
4222,기  로케트전기,사업보고서 (2010.12),로케트전기,2011.03.31,연,00120377,20110331000577
4223,코  액토즈소프트,사업보고서 (2010.12),액토즈소프트,2011.03.31,,00348034,20110331000577
4224,코  한국전자인증,사업보고서 (2010.12),한국전자인증,2011.03.31,,00361169,20110331000577
4225,코  조광ILI,사업보고서 (2010.12),조광ILI,2011.03.31,,00291860,20110331000577
4226,코  우수AMS,사업보고서 (2010.12),우수AMS,2011.03.31,연,00301422,20110331000577
4227,기  휴코드홀딩스,사업보고서 (2010.12),휴코드홀딩스,2011.03.31,,00165361,20110331000577
4228,코  이엠코리아,사업보고서 (2010.12),이엠코리아,2011.03.31,,00526951,20110331000577
4229,기  블루젬디앤씨,[기재정정]사업보고서 (2010.12),블루젬디앤씨,2011.03.31,,00349468,20110331000577
4230,코  키이스트,사업보고서 (2010.12),키이스트,2011.03.31,,00353762,20110331000577
4231,유  동일산업,사업보고서 (2010.12),동일산업,2011.03.31,,00172936,20110331000577
4232,유  부산주공,사업보고서 (2010.12),부산주공,2011.03.31,정,00124151,20110331000577
4233,유  GS글로벌,사업보고서 (2010.12),GS글로벌,2011.03.31,연,00138190,20110331000577
4234,유  선도전기,사업보고서 (2010.12),선도전기,2011.03.31,,00131939,20110331000577
4235,유  포스코스틸리온,사업보고서 (2010.12),포스코스틸리온,2011.03.31,,00155258,20110331000577
4236,코  듀오백,사업보고서 (2010.12),듀오백,2011.03.31,연,00407771,20110331000577
4237,코  PN풍년,사업보고서 (2010.12),PN풍년,2011.03.31,,00133557,20110331000577
4238,코  케이프,사업보고서 (2010.12),케이프,2011.03.31,,00152437,20110331000577
4239,기  광주시민프로축구단,사업보고서 (2010.12),광주시민프로축구단,2011.03.31,,00824473,20110331000577
4240,기  아이레보,사업보고서 (2010.12),아이레보,2011.03.31,,00451116,20110331000577
4241,코  국영지앤엠,사업보고서 (2010.12),국영지앤엠,2011.03.31,,00104537,20110331000577
4242,코  서한,사업보고서 (2010.12),서한,2011.03.31,,00131504,20110331000577
4243,기  대구시민프로축구단,사업보고서 (2010.12),대구시민프로축구단,2011.03.31,,00427137,20110331000577
4244,기  유니온스틸,사업보고서 (2010.12),유니온스틸,2011.03.31,연,00140380,20110331000577
4245,유  이엔플러스,사업보고서 (2010.12),이엔플러스,2011.03.31,정,00469799,20110331000577
4246,코  동양이엔피,사업보고서 (2010.12),동양이엔피,2011.03.31,연,00178790,20110331000577
4247,코  이글벳,사업보고서 (2010.12),이글벳,2011.03.31,,00145473,20110331000577
4248,유  영진약품,사업보고서 (2010.12),영진약품,2011.03.31,,00141149,20110331000577
4249,코  신성델타테크,사업보고서 (2010.12),신성델타테크,2011.03.31,연,00136226,20110331000577
4250,코  가온그룹,사업보고서 (2010.12),가온그룹,2011.03.31,연,00441304,20110331000577
4251,코  성우전자,사업보고서 (2010.12),성우전자,2011.03.31,연,00364306,20110331000577
4252,기  제이앤케이인더스트리,사업보고서 (2010.12),제이앤케이인더스트리,2011.03.31,,00295370,20110331000577
4253,코  SG&G,사업보고서 (2010.12),SG&G,2011.03.31,연,00264714,20110331000577
4254,기  코캄,사업보고서 (2010.12),코캄,2011.03.31,,00299677,20110331000577
4255,코  유니셈,사업보고서 (2010.12),유니셈,2011.03.31,,00260569,20110331000577
4256,코  SOOP  IR,사업보고서 (2010.12),SOOP,2011.03.31,,00399694,20110331000577
4257,기  커넥트웨이브,사업보고서 (2010.12),커넥트웨이브,2011.03.31,,00585608,20110331000577
4258,기  루트로닉,사업보고서 (2010.12),루트로닉,2011.03.31,,00549925,20110331000577
4259,유  유성기업,사업보고서 (2010.12),유성기업,2011.03.31,연,00174004,20110331000577
4260,기  투에버,사업보고서 (2010.12),투에버,2011.03.31,,00355335,20110331000577
4261,코  동일스틸럭스,사업보고서 (2010.12),동일스틸럭스,2011.03.31,,00172945,20110331000577
4262,코  한국선재,사업보고서 (2010.12),한국선재,2011.03.31,정연,00158015,20110331000577
4263,코  엠에스씨,사업보고서 (2010.12),엠에스씨,2011.03.31,연,00121154,20110331000577
4264,유  성보화학,사업보고서 (2010.12),성보화학,2011.03.31,,00132725,20110331000577
4265,코  에코볼트,사업보고서 (2010.12),에코볼트,2011.03.31,연,00562360,20110331000577
4266,코  모베이스,사업보고서 (2010.12),모베이스,2011.03.31,연,00498001,20110331000577
4267,유  KG모빌리티,사업보고서 (2010.12),KG모빌리티,2011.03.31,,00138242,20110331000577
4268,코  KH바텍,사업보고서 (2010.12),KH바텍,2011.03.31,연,00378628,20110331000577
4269,기  제이비우리캐피탈,사업보고서 (2010.12),제이비우리캐피탈,2011.03.31,,00234971,20110331000577
4270,코  엘컴텍,사업보고서 (2010.12),엘컴텍,2011.03.31,연,00242712,20110331000577
4271,코  바이오톡스텍,사업보고서 (2010.12),바이오톡스텍,2011.03.31,,00447502,20110331000577
4272,코  SM C&C,사업보고서 (2010.12),SM C&C,2011.03.31,연,00185046,20110331000577
4273,기  엔에스브이,사업보고서 (2010.12),엔에스브이,2011.03.31,,00447478,20110331000577
4274,유  LS네트웍스,사업보고서 (2010.12),LS네트웍스,2011.03.31,정연,00104698,20110331000577
4275,코  아즈텍WB,사업보고서 (2010.12),아즈텍WB,2011.03.31,,00201131,20110331000577
4276,유  이아이디,사업보고서 (2010.12),이아이디,2011.03.31,연,00480950,20110331000577
4277,코  동국알앤에스,사업보고서 (2010.12),동국알앤에스,2011.03.31,정,00472890,20110331000577
4278,기  대전시티즌,사업보고서 (2010.12),대전시티즌,2011.03.31,정,00544018,20110331000577
4279,유  대원제약,사업보고서 (2010.12),대원제약,2011.03.31,,00111999,20110331000577
4280,코  대동스틸,사업보고서 (2010.12),대동스틸,2011.03.31,,00109268,20110331000577
4281,코  동일기연,사업보고서 (2010.12),동일기연,2011.03.31,,00199076,20110331000577
4282,유  남해화학,사업보고서 (2010.12),남해화학,2011.03.31,,00107987,20110331000577
4283,기  씨유전자,사업보고서 (2010.12),씨유전자,2011.03.31,연,00361114,20110331000577
4284,코  모베이스전자,사업보고서 (2010.12),모베이스전자,2011.03.31,연,00137234,20110331000577
4285,유  케이티,사업보고서 (2010.12),케이티,2011.03.31,연,00190321,20110331000577
4286,코  서울제약,사업보고서 (2010.12),서울제약,2011.03.31,,00131018,20110331000577
4287,기  케이엔씨글로벌,사업보고서 (2010.12),케이엔씨글로벌,2011.03.31,,00394778,20110331000577
4288,유  일진다이아,사업보고서 (2010.12),일진다이아,2011.03.31,,00508274,20110331000577
4289,유  HD현대마린엔진,사업보고서 (2010.12),HD현대마린엔진,2011.03.31,,00406046,20110331000577
4290,코  앤씨앤,사업보고서 (2010.12),앤씨앤,2011.03.31,,00537337,20110331000577
4291,유  HDC현대EP,사업보고서 (2010.12),HDC현대EP,2011.03.31,정연,00357935,20110331000577
4292,코  대성파인텍,사업보고서 (2010.12),대성파인텍,2011.03.31,,00442905,20110331000577
4293,유  한국제지,사업보고서 (2010.12),한국제지,2011.03.31,,00133706,20110331000577
4294,코  한국경제TV,사업보고서 (2010.12),한국경제TV,2011.03.31,,00263371,20110331000577
4295,기  골든블루,[첨부정정]사업보고서 (2010.12),골든블루,2011.03.31,,00560308,20110331000577
4296,코  파라텍,사업보고서 (2010.12),파라텍,2011.03.31,,00105138,20110331000577
4297,유  부국철강,사업보고서 (2010.12),부국철강,2011.03.31,,00123781,20110331000577
4298,코  나노캠텍,사업보고서 (2010.12),나노캠텍,2011.03.31,연,00542074,20110331000577
4299,유  한성기업,사업보고서 (2010.12),한성기업,2011.03.31,,00161860,20110331000577
4300,코  새로닉스,사업보고서 (2010.12),새로닉스,2011.03.31,연,00147994,20110331000577
4301,코  셀피글로벌,사업보고서 (2010.12),셀피글로벌,2011.03.31,,00308896,20110331000338
4302,코  서산,사업보고서 (2010.12),서산,2011.03.31,연,00130408,20110331000338
4303,코  우리산업홀딩스,사업보고서 (2010.12),우리산업홀딩스,2011.03.31,연,00359623,20110331000338
4304,기  렉스필드컨트리클럽,사업보고서 (2010.12),렉스필드컨트리클럽,2011.03.31,연,00476939,20110331000338
4305,코  토탈소프트,사업보고서 (2010.12),토탈소프트,2011.03.31,,00355089,20110331000338
4306,코  이니텍,사업보고서 (2010.12),이니텍,2011.03.31,연,00353610,20110331000338
4307,유  휴니드테크놀러지스,사업보고서 (2010.12),휴니드테크놀러지스,2011.03.31,,00111421,20110331000338
4308,유  한샘,사업보고서 (2010.12),한샘,2011.03.31,연,00161693,20110331000338
4309,유  한솔홀딩스,사업보고서 (2010.12),한솔홀딩스,2011.03.31,연,00171636,20110331000338
4310,코  태웅,[기재정정]사업보고서 (2010.12),태웅,2011.03.31,,00186799,20110331000338
4311,기  케이에이엠,사업보고서 (2010.12),케이에이엠,2011.03.31,,00682196,20110331000338
4312,기  한프,사업보고서 (2010.12),한프,2011.03.31,연,00226228,20110331000338
4313,코  HB테크놀러지,사업보고서 (2010.12),HB테크놀러지,2011.03.31,연,00255275,20110331000338
4314,유  써니전자,사업보고서 (2010.12),써니전자,2011.03.31,연,00138057,20110331000338
4315,코  에프알텍,사업보고서 (2010.12),에프알텍,2011.03.31,,00442561,20110331000338
4316,기  한국남동발전,사업보고서 (2010.12),한국남동발전,2011.03.31,,00389013,20110331000338
4317,코  이렘,사업보고서 (2010.12),이렘,2011.03.31,,00116426,20110331000338
4318,코  케이씨에스,사업보고서 (2010.12),케이씨에스,2011.03.31,정,00441650,20110331000338
4319,기  코원에너지서비스,사업보고서 (2010.12),코원에너지서비스,2011.03.31,,00112907,20110331000338
4320,코  삼진,사업보고서 (2010.12),삼진,2011.03.31,연,00173351,20110331000338
4321,기  새롬정보시스템,사업보고서 (2010.12),새롬정보시스템,2011.03.31,,00324867,20110331000338
4322,기  코너스톤네트웍스,사업보고서 (2010.12),코너스톤네트웍스,2011.03.31,,00194275,20110331000338
4323,유  범양건영,사업보고서 (2010.12),범양건영,2011.03.31,연,00122694,20110331000338
4324,유  유엔젤,사업보고서 (2010.12),유엔젤,2011.03.31,,00416654,20110331000338
4325,유  광명전기  IR,사업보고서 (2010.12),광명전기,2011.03.31,연,00103662,20110331000338
4326,코  이건홀딩스,사업보고서 (2010.12),이건홀딩스,2011.03.31,연,00184889,20110331000338
4327,코  TJ미디어,사업보고서 (2010.12),TJ미디어,2011.03.31,,00201733,20110331000338
4328,코  백금T&A  IR,사업보고서 (2010.12),백금T&A,2011.03.31,연,00360036,20110331000338
4329,코  디엔에프,사업보고서 (2010.12),디엔에프,2011.03.31,,00569691,20110331000338
4330,코  BGF에코머티리얼즈,사업보고서 (2010.12),BGF에코머티리얼즈,2011.03.31,,00599595,20110331000338
4331,코  성창오토텍,사업보고서 (2010.12),성창오토텍,2011.03.31,연,00486370,20110331000338
4332,코  코엔텍,사업보고서 (2010.12),코엔텍,2011.03.31,,00197476,20110331000338
4333,코  마크로젠,사업보고서 (2010.12),마크로젠,2011.03.31,,00261373,20110331000338
4334,유  조일알미늄,사업보고서 (2010.12),조일알미늄,2011.03.31,,00149239,20110331000338
4335,코  조아제약,사업보고서 (2010.12),조아제약,2011.03.31,,00231831,20110331000338
4336,기  풀무원식품,사업보고서 (2010.12),풀무원식품,2011.03.31,연,00684732,20110331000338
4337,유  메타케어,사업보고서 (2010.12),메타케어,2011.03.31,정,00791209,20110331000338
4338,기  넥상스코리아,사업보고서 (2010.12),넥상스코리아,2011.03.31,연,00110547,20110331000338
4339,기  갤럭시게이트,사업보고서 (2010.12),갤럭시게이트,2011.03.31,,00334040,20110331000338
4340,유  태원물산,사업보고서 (2010.12),태원물산,2011.03.31,,00154055,20110331000338
4341,유  와이투솔루션,사업보고서 (2010.12),와이투솔루션,2011.03.31,,00144720,20110331000338
4342,기  두원중공업,사업보고서 (2010.12),두원중공업,2011.03.31,연,00119724,20110331000338
4343,코  휴맥스홀딩스,사업보고서 (2010.12),휴맥스홀딩스,2011.03.31,연,00219440,20110331000338
4344,코  소니드,사업보고서 (2010.12),소니드,2011.03.31,,00363510,20110331000338
4345,코  인지소프트,사업보고서 (2010.12),인지소프트,2011.03.31,,00641171,20110331000338
4346,기  농업회사법인속리산유통,사업보고서 (2010.12),농업회사법인속리산유통,2011.03.31,,00697949,20110331000338
4347,코  인지디스플레,사업보고서 (2010.12),인지디스플레,2011.03.31,연,00265421,20110331000338
4348,코  일진파워,사업보고서 (2010.12),일진파워,2011.03.31,,00485177,20110331000338
4349,코  인탑스,사업보고서 (2010.12),인탑스,2011.03.31,연,00226866,20110331000338
4350,유  지엠비코리아,[첨부정정]사업보고서 (2010.12),지엠비코리아,2011.03.31,,00156354,20110331000338
4351,유  크라운해태홀딩스,사업보고서 (2010.12),크라운해태홀딩스,2011.03.31,연,00153126,20110331000338
4352,기  남산물산,사업보고서 (2010.12),남산물산,2011.03.31,,00188122,20110331000338
4353,기  팍스넷,사업보고서 (2010.12),팍스넷,2011.03.31,,00334624,20110331000338
4354,유  일성건설,사업보고서 (2010.12),일성건설,2011.03.31,,00146232,20110331000338
4355,기  비에스한양,사업보고서 (2010.12),비에스한양,2011.03.31,,00162221,20110331000338
4356,기  골든블루,사업보고서 (2010.12),골든블루,2011.03.31,정,00560308,20110331000338
4357,코  피에스텍,사업보고서 (2010.12),피에스텍,2011.03.31,연,00155638,20110331000338
4358,코  파세코,사업보고서 (2010.12),파세코,2011.03.31,,00238153,20110331000338
4359,유  한국석유공업,사업보고서 (2010.12),한국석유공업,2011.03.31,연,00157991,20110331000338
4360,코  원익QnC,사업보고서 (2010.12),원익QnC,2011.03.31,연,00468374,20110331000338
4361,유  영흥,사업보고서 (2010.12),영흥,2011.03.31,연,00141477,20110331000338
4362,코  리튬포어스,사업보고서 (2010.12),리튬포어스,2011.03.31,연,00440712,20110331000338
4363,기  에이치디현대오일뱅크,사업보고서 (2010.12),에이치디현대오일뱅크,2011.03.31,연,00105174,20110331000338
4364,코  좋은사람들,사업보고서 (2010.12),좋은사람들,2011.03.31,,00205003,20110331000338
4365,코  HLB테라퓨틱스,사업보고서 (2010.12),HLB테라퓨틱스,2011.03.31,,00552859,20110331000338
4366,유  KPX홀딩스,사업보고서 (2010.12),KPX홀딩스,2011.03.31,연,00587466,20110331000338
4367,기  씨앤케이인터내셔널,사업보고서 (2010.12),씨앤케이인터내셔널,2011.03.31,정,00252755,20110331000338
4368,코  휴맥스,사업보고서 (2010.12),휴맥스,2011.03.31,연,00787057,20110331000338
4369,기  비엠더블유파이낸셜서비스코리아,사업보고서 (2010.12),비엠더블유파이낸셜서비스코리아,2011.03.31,정,00414300,20110331000338
4370,코  한라IMS,사업보고서 (2010.12),한라IMS,2011.03.31,,00528515,20110331000338
4371,기  엔에이치농협캐피탈,사업보고서 (2010.12),엔에이치농협캐피탈,2011.03.31,,00673523,20110331000338
4372,코  오리엔탈정공,사업보고서 (2010.12),오리엔탈정공,2011.03.31,연,00141608,20110331000338
4373,기  월드웨이,사업보고서 (2010.12),월드웨이,2011.03.31,,00405597,20110331000338
4374,기  하이트맥주,사업보고서 (2010.12),하이트맥주,2011.03.31,연,00684547,20110331000338
4375,코  스타플렉스,사업보고서 (2010.12),스타플렉스,2011.03.31,,00405959,20110331000338
4376,기  농업회사법인화순농특산물유통,사업보고서 (2010.12),농업회사법인화순농특산물유통,2011.03.31,,00700085,20110331000338
4377,유  강원랜드,사업보고서 (2010.12),강원랜드,2011.03.31,연,00255619,20110331000338
4378,기  에이팸,사업보고서 (2010.12),에이팸,2011.03.31,,00235147,20110331000338
4379,유  동원수산,사업보고서 (2010.12),동원수산,2011.03.31,,00118044,20110331000338
4380,코  우진비앤지,사업보고서 (2010.12),우진비앤지,2011.03.31,,00103547,20110331000338
4381,기  한화갤러리아타임월드,사업보고서 (2010.12),한화갤러리아타임월드,2011.03.31,,00117258,20110331000338
4382,유  대창단조,사업보고서 (2010.12),대창단조,2011.03.31,연,00112679,20110331000338
4383,유  계룡건설산업,사업보고서 (2010.12),계룡건설산업,2011.03.31,연,00102432,20110331000338
4384,기  메가마트,[첨부정정]사업보고서 (2010.12),메가마트,2011.03.31,정연,00108250,20110331000338
4385,코  아이패밀리에스씨,사업보고서 (2010.12),아이패밀리에스씨,2011.03.31,,00692254,20110331000338
4386,코  CSA 코스믹,사업보고서 (2010.12),CSA 코스믹,2011.03.31,,00406037,20110331000338
4387,유  영원무역,[기재정정]사업보고서 (2010.12),영원무역,2011.03.31,연,00776820,20110331000338
4388,코  시노펙스,사업보고서 (2010.12),시노펙스,2011.03.31,연,00203023,20110331000338
4389,유  삼성공조,사업보고서 (2010.12),삼성공조,2011.03.31,연,00126201,20110331000338
4390,코  감성코퍼레이션,사업보고서 (2010.12),감성코퍼레이션,2011.03.31,연,00261009,20110331000338
4391,코  삼륭물산,사업보고서 (2010.12),삼륭물산,2011.03.31,,00125488,20110331000338
4392,기  하나에스케이카드,사업보고서 (2010.12),하나에스케이카드,2011.03.31,,00790103,20110331000338
4393,코  화일약품,사업보고서 (2010.12),화일약품,2011.03.31,,00188973,20110331000338
4394,코  톱텍,사업보고서 (2010.12),톱텍,2011.03.31,정연,00531917,20110331000338
4395,기  희훈디앤지,사업보고서 (2010.12),희훈디앤지,2011.03.31,,00167378,20110331000338
4396,코  ES큐브  IR,사업보고서 (2010.12),ES큐브,2011.03.31,,00175623,20110331000338
4397,코  디지아이,사업보고서 (2010.12),디지아이,2011.03.31,연,00295547,20110331000338
4398,유  영원무역홀딩스,[기재정정]사업보고서 (2010.12),영원무역홀딩스,2011.03.31,정연,00140964,20110331000338
4399,코  서울반도체,사업보고서 (2010.12),서울반도체,2011.03.31,연,00130763,20110331000338
4400,기  티에이케이정보시스템,사업보고서 (2010.12),티에이케이정보시스템,2011.03.31,,00249098,20110331000338
4401,기  금강제강,사업보고서 (2010.12),금강제강,2011.03.31,연,00579379,20110331000101
4402,코  코위버,사업보고서 (2010.12),코위버,2011.03.31,,00360674,20110331000101
4403,유  신흥,사업보고서 (2010.12),신흥,2011.03.31,,00173795,20110331000101
4404,코  서울리거,사업보고서 (2010.12),서울리거,2011.03.31,,00305570,20110331000101
4405,코  위닉스,사업보고서 (2010.12),위닉스,2011.03.31,연,00293886,20110331000101
4406,코  SDN,사업보고서 (2010.12),SDN,2011.03.31,연,00574611,20110331000101
4407,코  에스피지  IR,사업보고서 (2010.12),에스피지,2011.03.31,연,00220686,20110331000101
4408,기  코리아로터리서비스,사업보고서 (2010.12),코리아로터리서비스,2011.03.31,연,00171052,20110331000101
4409,코  한울소재과학,사업보고서 (2010.12),한울소재과학,2011.03.31,,00560122,20110331000101
4410,유  신라교역,사업보고서 (2010.12),신라교역,2011.03.31,연,00135962,20110331000101
4411,기  신텍,사업보고서 (2010.12),신텍,2011.03.31,정,00599887,20110331000101
4412,기  에스케이커뮤니케이션즈,사업보고서 (2010.12),에스케이커뮤니케이션즈,2011.03.31,연,00361725,20110331000101
4413,코  원익큐브,사업보고서 (2010.12),원익큐브,2011.03.31,,00128175,20110331000101
4414,유  동서,사업보고서 (2010.12),동서,2011.03.31,연,00144395,20110331000101
4415,유  일정실업,사업보고서 (2010.12),일정실업,2011.03.31,연,00146542,20110331000101
4416,코  빅텍,사업보고서 (2010.12),빅텍,2011.03.31,,00385363,20110331000101
4417,유  인디에프,사업보고서 (2010.12),인디에프,2011.03.31,연,00106881,20110331000101
4418,유  조광페인트,사업보고서 (2010.12),조광페인트,2011.03.31,,00148920,20110331000101
4419,유  후성,사업보고서 (2010.12),후성,2011.03.31,연,00595191,20110331000101
4420,기  아이엠뱅크,사업보고서 (2010.12),아이엠뱅크,2011.03.31,연,00109019,20110331000101
4421,기  이엠네트웍스,사업보고서 (2010.12),이엠네트웍스,2011.03.31,,00496225,20110331000101
4422,유  비상교육  IR,사업보고서 (2010.12),비상교육,2011.03.31,,00520887,20110331000101
4423,코  뉴프렉스,사업보고서 (2010.12),뉴프렉스,2011.03.31,,00493510,20110331000101
4424,유  경동나비엔,사업보고서 (2010.12),경동나비엔,2011.03.31,연,00101488,20110331000101
4425,기  럭슬,사업보고서 (2010.12),럭슬,2011.03.31,,00264787,20110331000101
4426,기  농업회사법인의령군토요애유통,사업보고서 (2010.12),농업회사법인의령군토요애유통,2011.03.31,,00711896,20110331000101
4427,코  세보엠이씨,사업보고서 (2010.12),세보엠이씨,2011.03.31,,00133876,20110331000101
4428,코  HLB이노베이션,사업보고서 (2010.12),HLB이노베이션,2011.03.31,연,00155586,20110331000101
4429,기  케이피케미칼,사업보고서 (2010.12),케이피케미칼,2011.03.31,연,00399773,20110331000101
4430,코  서울바이오시스,사업보고서 (2010.12),서울바이오시스,2011.03.31,,00488402,20110331000101
4431,코  코세스,사업보고서 (2010.12),코세스,2011.03.31,,00365934,20110331000101
4432,코  이원컴포텍,사업보고서 (2010.12),이원컴포텍,2011.03.31,,00409140,20110331000101
4433,코  대주전자재료,사업보고서 (2010.12),대주전자재료,2011.03.31,연,00177816,20110331000101
4434,유  에스엠벡셀,사업보고서 (2010.12),에스엠벡셀,2011.03.31,,00147860,20110331000101
4435,유  강남제비스코,사업보고서 (2010.12),강남제비스코,2011.03.31,연,00100939,20110331000101
4436,코  광진실업,사업보고서 (2010.12),광진실업,2011.03.31,,00104120,20110331000101
4437,코  풍국주정,사업보고서 (2010.12),풍국주정,2011.03.31,연,00155452,20110331000101
4438,유  미원홀딩스,사업보고서 (2010.12),미원홀딩스,2011.03.31,,00706715,20110331000101
4439,유  SK오션플랜트,사업보고서 (2010.12),SK오션플랜트,2011.03.31,,00480367,20110331000101
4440,유  동원F&B,사업보고서 (2010.12),동원F&B,2011.03.31,연,00340917,20110331000101
4441,유  미원상사,사업보고서 (2010.12),미원상사,2011.03.31,연,00121932,20110331000101
4442,기  현대엠코,사업보고서 (2010.12),현대엠코,2011.03.31,연,00445513,20110331000101
4443,기  한길,사업보고서 (2010.12),한길,2011.03.31,,00411844,20110331000101
4444,코  동아엘텍,사업보고서 (2010.12),동아엘텍,2011.03.31,연,00489243,20110331000101
4445,기  SBS미디어홀딩스,사업보고서 (2010.12),SBS미디어홀딩스,2011.03.31,연,00650629,20110331000101
4446,유  금강공업,사업보고서 (2010.12),금강공업,2011.03.31,연,00105299,20110331000101
4447,기  코크렙제8호위탁관리부동산투자회사,사업보고서 (2010.12),코크렙제8호위탁관리부동산투자회사,2011.03.31,,00560025,20110331000101
4448,유  오뚜기,사업보고서 (2010.12),오뚜기,2011.03.31,연,00141529,20110331000101
4449,코  고영,사업보고서 (2010.12),고영,2011.03.31,,00579999,20110331000101
4450,코  다원시스,사업보고서 (2010.12),다원시스,2011.03.31,,00523307,20110331000101
4451,코  한일화학,사업보고서 (2010.12),한일화학,2011.03.31,정연,00267979,20110331000101
4452,유  LG헬로비전,사업보고서 (2010.12),LG헬로비전,2011.03.31,,00222532,20110331000101
4453,코  알서포트,사업보고서 (2010.12),알서포트,2011.03.31,,00838962,20110331000101
4454,코  엘엠에스,사업보고서 (2010.12),엘엠에스,2011.03.31,정연,00494218,20110331000101
4455,코  파커스,사업보고서 (2010.12),파커스,2011.03.31,연,00384762,20110331000101
4456,유  일진디스플,사업보고서 (2010.12),일진디스플,2011.03.31,,00198697,20110331000101
4457,기  아세아페이퍼텍,사업보고서 (2010.12),아세아페이퍼텍,2011.03.31,,00149248,20110331000101
4458,기  부산도시가스,사업보고서 (2010.12),부산도시가스,2011.03.31,,00123967,20110331000101
4459,기  동문건설,사업보고서 (2010.12),동문건설,2011.03.31,연,00115269,20110331000101
4460,코  NHN KCP,사업보고서 (2010.12),NHN KCP,2011.03.31,,00357740,20110331000101
4461,유  플레이그램,사업보고서 (2010.12),플레이그램,2011.03.31,정연,00103130,20110331000101
4462,코  한국정보공학,사업보고서 (2010.12),한국정보공학,2011.03.31,연,00261957,20110331000101
4463,코  에코프로  IR,사업보고서 (2010.12),에코프로,2011.03.31,정,00536541,20110331000101
4464,기  삼양제넥스,사업보고서 (2010.12),삼양제넥스,2011.03.31,연,00132105,20110331000101
4465,기  서울주택도시공사,사업보고서 (2010.12),서울주택도시공사,2011.03.31,,00858744,20110331000101
4466,코  에코플라스틱,사업보고서 (2010.12),에코플라스틱,2011.03.31,,00139153,20110331000101
4467,유  한세예스24홀딩스,사업보고서 (2010.12),한세예스24홀딩스,2011.03.31,연,00161976,20110331000101
4468,유  새론오토모티브,사업보고서 (2010.12),새론오토모티브,2011.03.31,정연,00305668,20110331000101
4469,코  현우산업,사업보고서 (2010.12),현우산업,2011.03.31,,00367455,20110331000101
4470,유  동남합성,사업보고서 (2010.12),동남합성,2011.03.31,,00115065,20110331000101
4471,기  에이치디씨영창,사업보고서 (2010.12),에이치디씨영창,2011.03.31,정,00141282,20110331000101
4472,유  대현,사업보고서 (2010.12),대현,2011.03.31,,00113614,20110331000101
4473,코  원익,사업보고서 (2010.12),원익,2011.03.31,연,00210980,20110331000101
4474,코  제이엠아이,사업보고서 (2010.12),제이엠아이,2011.03.31,연,00222435,20110331000101
4475,유  퍼시스,사업보고서 (2010.12),퍼시스,2011.03.31,,00161709,20110331000101
4476,코  링네트,사업보고서 (2010.12),링네트,2011.03.31,,00352499,20110331000101
4477,유  스틱인베스트먼트,사업보고서 (2010.12),스틱인베스트먼트,2011.03.31,연,00117498,20110331000101
4478,코  파워넷,사업보고서 (2010.12),파워넷,2011.03.31,,00231354,20110331000101
4479,코  신화인터텍,사업보고서 (2010.12),신화인터텍,2011.03.31,연,00228350,20110331000101
4480,기  미래엔,사업보고서 (2010.12),미래엔,2011.03.31,연,00112873,20110331000101
4481,코  에이루트,사업보고서 (2010.12),에이루트,2011.03.31,,00608839,20110331000101
4482,코  안국약품,사업보고서 (2010.12),안국약품,2011.03.31,,00139205,20110331000101
4483,코  한국컴퓨터,사업보고서 (2010.12),한국컴퓨터,2011.03.31,,00303396,20110331000101
4484,기  화이버텍,사업보고서 (2010.12),화이버텍,2011.03.31,,00247559,20110331000101
4485,코  일지테크,사업보고서 (2010.12),일지테크,2011.03.31,,00146560,20110331000101
4486,유  깨끗한나라,사업보고서 (2010.12),깨끗한나라,2011.03.31,연,00113492,20110331000101
4487,유  한미반도체,사업보고서 (2010.12),한미반도체,2011.03.31,연,00161383,20110331000101
4488,코  큐에스아이,사업보고서 (2010.12),큐에스아이,2011.03.31,,00411446,20110331000101
4489,기  마이다스아이티  IR,사업보고서 (2010.12),마이다스아이티,2011.03.31,,00340005,20110331000101
4490,코  제이엠티,사업보고서 (2010.12),제이엠티,2011.03.31,연,00533508,20110331000101
4491,코  휴비츠,사업보고서 (2010.12),휴비츠,2011.03.31,,00398668,20110331000101
4492,기  유코카캐리어스,사업보고서 (2010.12),유코카캐리어스,2011.03.31,,00436144,20110331000101
4493,코  케이엠,사업보고서 (2010.12),케이엠,2011.03.31,연,00242934,20110331000101
4494,유  인지컨트롤스,사업보고서 (2010.12),인지컨트롤스,2011.03.31,연,00103510,20110331000101
4495,유  삼영전자공업,사업보고서 (2010.12),삼영전자공업,2011.03.31,연,00127200,20110331000101
4496,코  한탑,사업보고서 (2010.12),한탑,2011.03.31,,00140566,20110331000101
4497,유  NI스틸,사업보고서 (2010.12),NI스틸,2011.03.31,,00116301,20110331000101
4498,유  문배철강,사업보고서 (2010.12),문배철강,2011.03.31,정연,00121570,20110331000101
4499,코  어보브반도체,사업보고서 (2010.12),어보브반도체,2011.03.31,,00591441,20110331000101
4500,코  다우데이타,사업보고서 (2010.12),다우데이타,2011.03.31,연,00238782,20110331000101
4501,기  디비메탈,사업보고서 (2010.12),디비메탈,2011.03.31,,00652016,20110330001294
4502,유  케이티앤지,사업보고서 (2010.12),케이티앤지,2011.03.31,연,00244455,20110330001294
4503,유  경동인베스트,사업보고서 (2010.12),경동인베스트,2011.03.31,연,00143527,20110330001294
4504,코  KX하이텍,사업보고서 (2010.12),KX하이텍,2011.03.31,,00276834,20110330001294
4505,코  삼지전자,사업보고서 (2010.12),삼지전자,2011.03.31,,00128315,20110330001294
4506,코  인콘,사업보고서 (2010.12),인콘,2011.03.31,,00475976,20110330001294
4507,유  세아베스틸지주,사업보고서 (2010.12),세아베스틸지주,2011.03.31,,00106669,20110330001294
4508,기  한솔아트원제지,사업보고서 (2010.12),한솔아트원제지,2011.03.31,,00137702,20110330001294
4509,기  메가마트,사업보고서 (2010.12),메가마트,2011.03.31,정연,00108250,20110330001294
4510,코  EG,사업보고서 (2010.12),EG,2011.03.31,정연,00261054,20110330001294
4511,기  인천도시공사,사업보고서 (2010.12),인천도시공사,2011.03.31,,00817738,20110330001294
4512,코  이글루,사업보고서 (2010.12),이글루,2011.03.31,,00364847,20110330001294
4513,기  대림아이앤에스,사업보고서 (2010.12),대림아이앤에스,2011.03.31,,00219413,20110330001294
4514,코  MIT,사업보고서 (2010.12),MIT,2011.03.31,연,00215976,20110330001294
4515,코  이오테크닉스,사업보고서 (2010.12),이오테크닉스,2011.03.31,정연,00246417,20110330001294
4516,기  포앤티,사업보고서 (2010.12),포앤티,2011.03.31,,00264918,20110330001294
4517,코  팬엔터테인먼트,사업보고서 (2010.12),팬엔터테인먼트,2011.03.31,,00397191,20110330001294
4518,기  해피드림,사업보고서 (2010.12),해피드림,2011.03.31,정,00389679,20110330001294
4519,코  한솔인티큐브,사업보고서 (2010.12),한솔인티큐브,2011.03.31,,00470829,20110330001294
4520,유  한국특강,사업보고서 (2010.12),한국특강,2011.03.31,,00124090,20110330001294
4521,유  한국단자공업,사업보고서 (2010.12),한국단자공업,2011.03.31,연,00157070,20110330001294
4522,코  이상네트웍스,사업보고서 (2010.12),이상네트웍스,2011.03.31,,00454399,20110330001294
4523,유  한솔피엔에스,사업보고서 (2010.12),한솔피엔에스,2011.03.31,연,00103626,20110330001294
4524,유  일성아이에스,사업보고서 (2010.12),일성아이에스,2011.03.31,,00146214,20110330001294
4525,기  동성화학,사업보고서 (2010.12),동성화학,2011.03.31,,00116356,20110330001294
4526,코  빛과전자,사업보고서 (2010.12),빛과전자,2011.03.31,연,00367482,20110330001294
4527,유  삼정펄프,사업보고서 (2010.12),삼정펄프,2011.03.31,,00128227,20110330001294
4528,기  대전도시공사,사업보고서 (2010.12),대전도시공사,2011.03.31,,00858470,20110330001294
4529,기  크루셜텍,사업보고서 (2010.12),크루셜텍,2011.03.31,,00618401,20110330001294
4530,코  인화정공,사업보고서 (2010.12),인화정공,2011.03.31,정,00482426,20110330001294
4531,코  인선이엔티,사업보고서 (2010.12),인선이엔티,2011.03.31,연,00375931,20110330001294
4532,유  덕양산업,사업보고서 (2010.12),덕양산업,2011.03.31,,00114154,20110330001294
4533,코  에너토크,사업보고서 (2010.12),에너토크,2011.03.31,,00169215,20110330001294
4534,코  고려제약,사업보고서 (2010.12),고려제약,2011.03.31,,00103015,20110330001294
4535,기  대구도시공사,사업보고서 (2010.12),대구도시공사,2011.03.31,,00856728,20110330001294
4536,코  에쎈테크,사업보고서 (2010.12),에쎈테크,2011.03.31,,00203209,20110330001294
4537,유  성문전자,사업보고서 (2010.12),성문전자,2011.03.31,연,00132628,20110330001294
4538,유  SJG세종,사업보고서 (2010.12),SJG세종,2011.03.31,연,00134510,20110330001294
4539,코  비트컴퓨터,사업보고서 (2010.12),비트컴퓨터,2011.03.31,,00231707,20110330001294
4540,유  디아이씨,사업보고서 (2010.12),디아이씨,2011.03.31,연,00112165,20110330001294
4541,코  인성정보,사업보고서 (2010.12),인성정보,2011.03.31,연,00229021,20110330001294
4542,코  KH 미래물산,사업보고서 (2010.12),KH 미래물산,2011.03.31,,00125965,20110330001294
4543,코  현대에이치티,사업보고서 (2010.12),현대에이치티,2011.03.31,,00255044,20110330001294
4544,코  ISC  IR,사업보고서 (2010.12),ISC,2011.03.31,,00572905,20110330001294
4545,코  크린앤사이언스,사업보고서 (2010.12),크린앤사이언스,2011.03.31,,00185222,20110330001294
4546,기  하스코  IR,사업보고서 (2010.12),하스코,2011.03.31,,00116806,20110330001294
4547,코  신라에스지,사업보고서 (2010.12),신라에스지,2011.03.31,,00136004,20110330001294
4548,코  티비씨,사업보고서 (2010.12),티비씨,2011.03.31,정,00204642,20110330001294
4549,코  디오,사업보고서 (2010.12),디오,2011.03.31,,00115931,20110330001294
4550,코  푸드웰,사업보고서 (2010.12),푸드웰,2011.03.31,연,00165103,20110330001294
4551,유  대유에이텍,사업보고서 (2010.12),대유에이텍,2011.03.31,연,00149804,20110330001294
4552,코  와이엔텍,사업보고서 (2010.12),와이엔텍,2011.03.31,,00190756,20110330001294
4553,코  에스앤더블류,사업보고서 (2010.12),에스앤더블류,2011.03.31,,00137012,20110330001294
4554,유  KISCO홀딩스,사업보고서 (2010.12),KISCO홀딩스,2011.03.31,연,00159740,20110330001294
4555,코  이랜텍,사업보고서 (2010.12),이랜텍,2011.03.31,연,00206659,20110330001294
4556,유  DN오토모티브,사업보고서 (2010.12),DN오토모티브,2011.03.31,정연,00116949,20110330001294
4557,기  디지털퓨전,사업보고서 (2010.12),디지털퓨전,2011.03.31,,00243322,20110330001294
4558,유  넥센타이어,사업보고서 (2010.12),넥센타이어,2011.03.31,연,00173874,20110330001294
4559,유  CJ CGV,사업보고서 (2010.12),CJ CGV,2011.03.31,연,00303873,20110330001294
4560,유  한국철강,사업보고서 (2010.12),한국철강,2011.03.31,,00687711,20110330001294
4561,유  팜젠사이언스,사업보고서 (2010.12),팜젠사이언스,2011.03.31,,00135050,20110330001294
4562,기  이마트에브리데이,사업보고서 (2010.12),이마트에브리데이,2011.03.31,,00164308,20110330001294
4563,기  광주광역시도시공사,사업보고서 (2010.12),광주광역시도시공사,2011.03.31,,00857116,20110330001294
4564,기  티이씨앤코,사업보고서 (2010.12),티이씨앤코,2011.03.31,정연,00138127,20110330001294
4565,코  CJ프레시웨이,사업보고서 (2010.12),CJ프레시웨이,2011.03.31,연,00127954,20110330001294
4566,유  KTcs,사업보고서 (2010.12),KTcs,2011.03.31,,00372882,20110330001294
4567,기  그린기술투자,사업보고서 (2010.12),그린기술투자,2011.03.31,,00116073,20110330001294
4568,코  뉴인텍,사업보고서 (2010.12),뉴인텍,2011.03.31,연,00105040,20110330001294
4569,기  래피더스,사업보고서 (2010.12),래피더스,2011.03.31,,00346832,20110330001294
4570,기  에스피반도체통신,사업보고서 (2010.12),에스피반도체통신,2011.03.31,,00263168,20110330001294
4571,코  오성첨단소재,사업보고서 (2010.12),오성첨단소재,2011.03.31,정연,00350048,20110330001294
4572,유  이스타코,사업보고서 (2010.12),이스타코,2011.03.31,,00134565,20110330001294
4573,유  지엠비코리아,사업보고서 (2010.12),지엠비코리아,2011.03.31,정,00156354,20110330001294
4574,코  코콤,사업보고서 (2010.12),코콤,2011.03.31,,00187725,20110330001294
4575,코  크레버스,사업보고서 (2010.12),크레버스,2011.03.31,연,00525882,20110330001294
4576,기  한라시멘트,사업보고서 (2010.12),한라시멘트,2011.03.30,,00257219,20110330001294
4577,기  티엔아이,사업보고서 (2010.12),티엔아이,2011.03.30,,00397243,20110330001294
4578,코  갤럭시아머니트리  IR,사업보고서 (2010.12),갤럭시아머니트리,2011.03.30,연,00587457,20110330001294
4579,코  경동제약,사업보고서 (2010.12),경동제약,2011.03.30,,00101549,20110330001294
4580,코  누리플랜,사업보고서 (2010.12),누리플랜,2011.03.30,정,00410997,20110330001294
4581,유  웅진,사업보고서 (2010.12),웅진,2011.03.30,연,00143651,20110330001294
4582,유  삼호개발,사업보고서 (2010.12),삼호개발,2011.03.30,정,00128980,20110330001294
4583,코  동국산업,사업보고서 (2010.12),동국산업,2011.03.30,연,00172680,20110330001294
4584,코  삼기,사업보고서 (2010.12),삼기,2011.03.30,,00799177,20110330001294
4585,코  에스디시스템,사업보고서 (2010.12),에스디시스템,2011.03.30,,00604815,20110330001294
4586,기  에이원마이크로,사업보고서 (2010.12),에이원마이크로,2011.03.30,연,00164195,20110330001294
4587,기  이코리아자기관리부동산투자회사,사업보고서 (2010.12),이코리아자기관리부동산투자회사,2011.03.30,,00846396,20110330001294
4588,기  포스코이앤씨,사업보고서 (2010.12),포스코이앤씨,2011.03.30,,00100814,20110330001294
4589,유  제주항공  IR,사업보고서 (2010.12),제주항공,2011.03.30,,00555874,20110330001294
4590,코  서린바이오,사업보고서 (2010.12),서린바이오,2011.03.30,,00373447,20110330001294
4591,유  HLB글로벌,사업보고서 (2010.12),HLB글로벌,2011.03.30,연,00169048,20110330001294
4592,코  포니링크,사업보고서 (2010.12),포니링크,2011.03.30,,00392691,20110330001294
4593,코  라온시큐어,사업보고서 (2010.12),라온시큐어,2011.03.30,,00255433,20110330001294
4594,코  이녹스,사업보고서 (2010.12),이녹스,2011.03.30,,00494476,20110330001294
4595,유  SBS,사업보고서 (2010.12),SBS,2011.03.30,정연,00130772,20110330001294
4596,기  GB카드,사업보고서 (2010.12),GB카드,2011.03.30,,00262035,20110330001294
4597,코  DGI,사업보고서 (2010.12),DGI,2011.03.30,,00627029,20110330001294
4598,코  아비코전자,사업보고서 (2010.12),아비코전자,2011.03.30,,00138598,20110330001294
4599,기  곰앤컴퍼니,[첨부정정]사업보고서 (2010.12),곰앤컴퍼니,2011.03.30,,00438708,20110330001294
4600,기  엑큐리스,사업보고서 (2010.12),엑큐리스,2011.03.30,,00275260,20110330001294
4601,기  옥션,사업보고서 (2010.12),옥션,2011.03.30,,00264130,20110330000851
4602,유  한국카본,사업보고서 (2010.12),한국카본,2011.03.30,,00159795,20110330000851
4603,코  웹젠,사업보고서 (2010.12),웹젠,2011.03.30,,00405320,20110330000851
4604,기  동양텔레콤,사업보고서 (2010.12),동양텔레콤,2011.03.30,,00117638,20110330000851
4605,기  보루네오가구,사업보고서 (2010.12),보루네오가구,2011.03.30,,00123152,20110330000851
4606,유  한독,사업보고서 (2010.12),한독,2011.03.30,,00161046,20110330000851
4607,코  한글과컴퓨터,사업보고서 (2010.12),한글과컴퓨터,2011.03.30,,00204262,20110330000851
4608,유  에쓰씨엔지니어링,사업보고서 (2010.12),에쓰씨엔지니어링,2011.03.30,연,00121969,20110330000851
4609,기  지티앤티,사업보고서 (2010.12),지티앤티,2011.03.30,,00351269,20110330000851
4610,기  디앤샵,사업보고서 (2010.12),디앤샵,2011.03.30,,00581000,20110330000851
4611,코  대한약품,사업보고서 (2010.12),대한약품,2011.03.30,,00113128,20110330000851
4612,유  쌍방울,사업보고서 (2010.12),쌍방울,2011.03.30,연,00681142,20110330000851
4613,유  삼아알미늄,사업보고서 (2010.12),삼아알미늄,2011.03.30,,00126779,20110330000851
4614,코  가비아,사업보고서 (2010.12),가비아,2011.03.30,연,00506294,20110330000851
4615,코  CNH,사업보고서 (2010.12),CNH,2011.03.30,정연,00149266,20110330000851
4616,코  하이소닉,사업보고서 (2010.12),하이소닉,2011.03.30,,00542898,20110330000851
4617,코  심텍홀딩스,사업보고서 (2010.12),심텍홀딩스,2011.03.30,정연,00152127,20110330000851
4618,코  카페24,사업보고서 (2010.12),카페24,2011.03.30,,00260879,20110330000851
4619,코  오션인더블유,사업보고서 (2010.12),오션인더블유,2011.03.30,,00349811,20110330000851
4620,기  넥스콘테크놀러지,사업보고서 (2010.12),넥스콘테크놀러지,2011.03.30,연,00264644,20110330000851
4621,기  지에스엔텍,사업보고서 (2010.12),지에스엔텍,2011.03.30,,00248053,20110330000851
4622,코  버킷스튜디오,사업보고서 (2010.12),버킷스튜디오,2011.03.30,정,00378220,20110330000851
4623,코  알에프텍,사업보고서 (2010.12),알에프텍,2011.03.30,연,00309831,20110330000851
4624,코  브리지텍,사업보고서 (2010.12),브리지텍,2011.03.30,,00359076,20110330000851
4625,기  지에스홈쇼핑,사업보고서 (2010.12),지에스홈쇼핑,2011.03.30,연,00207755,20110330000851
4626,코  오상자이엘,사업보고서 (2010.12),오상자이엘,2011.03.30,정연,00226547,20110330000851
4627,유  경인양행,사업보고서 (2010.12),경인양행,2011.03.30,연,00102113,20110330000851
4628,유  빙그레,사업보고서 (2010.12),빙그레,2011.03.30,,00124726,20110330000851
4629,코  하이비젼시스템,사업보고서 (2010.12),하이비젼시스템,2011.03.30,,00825959,20110330000851
4630,기  케이디파워,사업보고서 (2010.12),케이디파워,2011.03.30,,00270089,20110330000851
4631,유  더존비즈온,사업보고서 (2010.12),더존비즈온,2011.03.30,연,00172291,20110330000851
4632,유  우진,사업보고서 (2010.12),우진,2011.03.30,,00173944,20110330000851
4633,유  SHD,사업보고서 (2010.12),SHD,2011.03.30,,00137809,20110330000851
4634,유  GS,사업보고서 (2010.12),GS,2011.03.30,연,00500254,20110330000851
4635,코  에프에스티,사업보고서 (2010.12),에프에스티,2011.03.30,,00223434,20110330000851
4636,유  대동,사업보고서 (2010.12),대동,2011.03.30,연,00109286,20110330000851
4637,유  동국홀딩스,사업보고서 (2010.12),동국홀딩스,2011.03.30,연,00114792,20110330000851
4638,코  에이테크솔루션,사업보고서 (2010.12),에이테크솔루션,2011.03.30,연,00384887,20110330000851
4639,기  태산엘시디,사업보고서 (2010.12),태산엘시디,2011.03.30,연,00255840,20110330000851
4640,기  위더스기술금융,사업보고서 (2010.12),위더스기술금융,2011.03.30,,00267809,20110330000851
4641,유  서울식품공업,사업보고서 (2010.12),서울식품공업,2011.03.30,,00130879,20110330000851
4642,코  이엠앤아이,사업보고서 (2010.12),이엠앤아이,2011.03.30,연,00475718,20110330000851
4643,유  한솔로지스틱스,사업보고서 (2010.12),한솔로지스틱스,2011.03.30,,00140946,20110330000851
4644,유  SNT홀딩스,사업보고서 (2010.12),SNT홀딩스,2011.03.30,정연,00225159,20110330000851
4645,유  MH에탄올,사업보고서 (2010.12),MH에탄올,2011.03.30,연,00121534,20110330000851
4646,코  리드코프,사업보고서 (2010.12),리드코프,2011.03.30,,00117708,20110330000851
4647,유  광동제약,사업보고서 (2010.12),광동제약,2011.03.30,,00103592,20110330000851
4648,코  빅솔론,사업보고서 (2010.12),빅솔론,2011.03.30,,00478900,20110330000851
4649,코  신원종합개발,사업보고서 (2010.12),신원종합개발,2011.03.30,,00136925,20110330000851
4650,코  엠에스오토텍,사업보고서 (2010.12),엠에스오토텍,2011.03.30,연,00259545,20110330000851
4651,유  한일철강,사업보고서 (2010.12),한일철강,2011.03.30,연,00163196,20110330000851
4652,코  엔시트론,사업보고서 (2010.12),엔시트론,2011.03.30,,00641393,20110330000851
4653,코  제우스,사업보고서 (2010.12),제우스,2011.03.30,연,00442570,20110330000851
4654,코  스맥,사업보고서 (2010.12),스맥,2011.03.30,,00580056,20110330000851
4655,코  재영솔루텍,사업보고서 (2010.12),재영솔루텍,2011.03.30,연,00147082,20110330000851
4656,코  모다이노칩,사업보고서 (2010.12),모다이노칩,2011.03.30,,00480048,20110330000851
4657,코  유신,사업보고서 (2010.12),유신,2011.03.30,정,00144650,20110330000851
4658,코  비에이치아이,사업보고서 (2010.12),비에이치아이,2011.03.30,정,00409788,20110330000851
4659,유  삼일제약,사업보고서 (2010.12),삼일제약,2011.03.30,정,00128032,20110330000851
4660,코  아이컴포넌트,사업보고서 (2010.12),아이컴포넌트,2011.03.30,,00407285,20110330000851
4661,기  엔도어즈,사업보고서 (2010.12),엔도어즈,2011.03.30,,00322461,20110330000851
4662,유  텔코웨어,사업보고서 (2010.12),텔코웨어,2011.03.30,,00361488,20110330000851
4663,코  유니크,사업보고서 (2010.12),유니크,2011.03.30,연,00147152,20110330000851
4664,코  우림피티에스,사업보고서 (2010.12),우림피티에스,2011.03.30,,00567222,20110330000851
4665,기  김포도시공사,사업보고서 (2010.12),김포도시공사,2011.03.30,,00849898,20110330000851
4666,기  여천NCC,사업보고서 (2010.12),여천NCC,2011.03.30,,00278373,20110330000851
4667,코  수성웹툰,사업보고서 (2010.12),수성웹툰,2011.03.30,,00243979,20110330000851
4668,코  선광,사업보고서 (2010.12),선광,2011.03.30,정연,00131896,20110330000851
4669,코  에스에이티,사업보고서 (2010.12),에스에이티,2011.03.30,연,00379229,20110330000851
4670,코  현대에버다임,[기재정정]사업보고서 (2010.12),현대에버다임,2011.03.30,,00228536,20110330000851
4671,코  더테크놀로지,사업보고서 (2010.12),더테크놀로지,2011.03.30,,00351454,20110330000851
4672,기  한화에스브이명장제1호기업인수목적,사업보고서 (2010.12),한화에스브이명장제1호기업인수목적,2011.03.30,,00808226,20110330000851
4673,코  와이솔,사업보고서 (2010.12),와이솔,2011.03.30,연,00759294,20110330000851
4674,기  GS칼텍스,사업보고서 (2010.12),GS칼텍스,2011.03.30,연,00165459,20110330000851
4675,유  한온시스템,사업보고서 (2010.12),한온시스템,2011.03.30,연,00161125,20110330000851
4676,코  휴온스글로벌  IR,사업보고서 (2010.12),휴온스글로벌,2011.03.30,연,00228059,20110330000851
4677,기  하나에프앤아이,사업보고서 (2010.12),하나에프앤아이,2011.03.30,,00170442,20110330000851
4678,코  LB세미콘,사업보고서 (2010.12),LB세미콘,2011.03.30,,00412348,20110330000851
4679,코  디지틀조선,사업보고서 (2010.12),디지틀조선,2011.03.30,,00231442,20110330000851
4680,코  케이피엠테크,[기재정정]사업보고서 (2010.12),케이피엠테크,2011.03.30,,00206686,20110330000851
4681,기  엠캐피탈,사업보고서 (2010.12),엠캐피탈,2011.03.30,정,00248938,20110330000851
4682,기  이매진  IR,사업보고서 (2010.12),이매진,2011.03.30,,00265290,20110330000851
4683,코  한창산업,사업보고서 (2010.12),한창산업,2011.03.30,,00202839,20110330000851
4684,유  유한양행,사업보고서 (2010.12),유한양행,2011.03.30,연,00145109,20110330000851
4685,코  CG인바이츠,사업보고서 (2010.12),CG인바이츠,2011.03.30,,00407814,20110330000851
4686,기  곰앤컴퍼니,사업보고서 (2010.12),곰앤컴퍼니,2011.03.30,정,00438708,20110330000851
4687,코  경남스틸,사업보고서 (2010.12),경남스틸,2011.03.30,,00206039,20110330000851
4688,기  한국수력원자력  IR,사업보고서 (2010.12),한국수력원자력,2011.03.30,,00382001,20110330000851
4689,코  아이즈비전,사업보고서 (2010.12),아이즈비전,2011.03.30,연,00200910,20110330000851
4690,유  이구산업,사업보고서 (2010.12),이구산업,2011.03.30,,00145464,20110330000851
4691,기  한림창업투자,사업보고서 (2010.12),한림창업투자,2011.03.30,,00161301,20110330000851
4692,유  동아쏘시오홀딩스,사업보고서 (2010.12),동아쏘시오홀딩스,2011.03.30,정연,00116824,20110330000851
4693,기  뉴아세아,사업보고서 (2010.12),뉴아세아,2011.03.30,,00138695,20110330000851
4694,코  케이에스피,사업보고서 (2010.12),케이에스피,2011.03.30,,00328191,20110330000851
4695,기  우경,사업보고서 (2010.12),우경,2011.03.30,,00183914,20110330000851
4696,코  알톤,사업보고서 (2010.12),알톤,2011.03.30,,00821607,20110330000851
4697,기  아이비케이캐피탈,사업보고서 (2010.12),아이비케이캐피탈,2011.03.30,,00275251,20110330000851
4698,코  대아티아이  IR,사업보고서 (2010.12),대아티아이,2011.03.30,정연,00318316,20110330000851
4699,코  마이크로컨텍솔,사업보고서 (2010.12),마이크로컨텍솔,2011.03.30,,00568188,20110330000851
4700,코  케이알엠,사업보고서 (2010.12),케이알엠,2011.03.30,,00536888,20110330000851
4701,유  화승인더스트리,사업보고서 (2010.12),화승인더스트리,2011.03.30,연,00166227,20110330000488
4702,코  피델릭스,사업보고서 (2010.12),피델릭스,2011.03.30,,00189538,20110330000488
4703,기  아이이,사업보고서 (2010.12),아이이,2011.03.30,,00100717,20110330000488
4704,유  세기상사,사업보고서 (2010.12),세기상사,2011.03.30,,00133618,20110330000488
4705,코  젬백스,사업보고서 (2010.12),젬백스,2011.03.30,연,00492894,20110330000488
4706,기  화신테크,사업보고서 (2010.12),화신테크,2011.03.30,,00166333,20110330000488
4707,유  진양화학,사업보고서 (2010.12),진양화학,2011.03.30,,00347734,20110330000488
4708,코  셀루메드,사업보고서 (2010.12),셀루메드,2011.03.30,,00310156,20110330000488
4709,기  아발론교육,사업보고서 (2010.12),아발론교육,2011.03.30,,00666383,20110330000488
4710,유  대창,사업보고서 (2010.12),대창,2011.03.30,정연,00112651,20110330000488
4711,코  피제이전자,사업보고서 (2010.12),피제이전자,2011.03.30,,00155735,20110330000488
4712,기  와이즈소프트,사업보고서 (2010.12),와이즈소프트,2011.03.30,,00299817,20110330000488
4713,코  파워로직스,사업보고서 (2010.12),파워로직스,2011.03.30,연,00269612,20110330000488
4714,코  엠투엔,사업보고서 (2010.12),엠투엔,2011.03.30,,00143226,20110330000488
4715,기  인스프리트,사업보고서 (2010.12),인스프리트,2011.03.30,연,00441872,20110330000488
4716,유  한국화장품,사업보고서 (2010.12),한국화장품,2011.03.30,,00823429,20110330000488
4717,유  에이프로젠바이오로직스,사업보고서 (2010.12),에이프로젠바이오로직스,2011.03.30,연,00101044,20110330000488
4718,유  영원무역홀딩스,사업보고서 (2010.12),영원무역홀딩스,2011.03.30,정연,00140964,20110330000488
4719,유  마니커,사업보고서 (2010.12),마니커,2011.03.30,연,00204208,20110330000488
4720,코  브이티,사업보고서 (2010.12),브이티,2011.03.30,,00150165,20110330000488
4721,유  카카오  IR,사업보고서 (2010.12),카카오,2011.03.30,연,00258801,20110330000488
4722,코  케이피에프,사업보고서 (2010.12),케이피에프,2011.03.30,연,00157636,20110330000488
4723,유  POSCO홀딩스,사업보고서 (2010.12),POSCO홀딩스,2011.03.30,정연,00155319,20110330000488
4724,기  전남개발공사,사업보고서 (2010.12),전남개발공사,2011.03.30,정,00856825,20110330000488
4725,기  플렉스컴,사업보고서 (2010.12),플렉스컴,2011.03.30,연,00364926,20110330000488
4726,유  포스코DX,사업보고서 (2010.12),포스코DX,2011.03.30,연,00155212,20110330000488
4727,유  롯데관광개발,사업보고서 (2010.12),롯데관광개발,2011.03.30,정,00231372,20110330000488
4728,유  하이스틸  IR,사업보고서 (2010.12),하이스틸,2011.03.30,,00435312,20110330000488
4729,유  한국화장품제조,사업보고서 (2010.12),한국화장품제조,2011.03.30,,00160621,20110330000488
4730,기  한국중부발전,사업보고서 (2010.12),한국중부발전,2011.03.30,,00396518,20110330000488
4731,기  동부티에스블랙펄기업인수목적,[기재정정]사업보고서 (2010.12),동부티에스블랙펄기업인수목적,2011.03.30,,00828309,20110330000488
4732,기  허메스홀딩스,사업보고서 (2010.12),허메스홀딩스,2011.03.30,,00153551,20110330000488
4733,코  디와이피엔에프,사업보고서 (2010.12),디와이피엔에프,2011.03.30,,00602136,20110330000488
4734,유  영원무역,사업보고서 (2010.12),영원무역,2011.03.30,정연,00776820,20110330000488
4735,코  서원인텍,사업보고서 (2010.12),서원인텍,2011.03.30,연,00445799,20110330000488
4736,코  세진티에스,사업보고서 (2010.12),세진티에스,2011.03.30,정연,00406727,20110330000488
4737,기  에이치씨코퍼레이션,사업보고서 (2010.12),에이치씨코퍼레이션,2011.03.30,,00241236,20110330000488
4738,유  유니온,사업보고서 (2010.12),유니온,2011.03.30,,00144252,20110330000488
4739,유  율촌화학,사업보고서 (2010.12),율촌화학,2011.03.30,연,00145260,20110330000488
4740,코  디이엔티,사업보고서 (2010.12),디이엔티,2011.03.30,,00445160,20110330000488
4741,유  유나이티드,사업보고서 (2010.12),유나이티드,2011.03.30,,00158963,20110330000488
4742,코  성도이엔지,사업보고서 (2010.12),성도이엔지,2011.03.30,연,00216498,20110330000488
4743,유  삼양통상,사업보고서 (2010.12),삼양통상,2011.03.30,,00127042,20110330000488
4744,유  셀트리온,사업보고서 (2010.12),셀트리온,2011.03.30,정,00413046,20110330000488
4745,기  제이앤유글로벌,사업보고서 (2010.12),제이앤유글로벌,2011.03.30,연,00413824,20110330000488
4746,기  한국투자신성장1호기업인수목적회사,사업보고서 (2010.12),한국투자신성장1호기업인수목적회사,2011.03.30,,00802028,20110330000488
4747,코  유니테스트,사업보고서 (2010.12),유니테스트,2011.03.30,,00540447,20110330000488
4748,코  위메이드플레이,사업보고서 (2010.12),위메이드플레이,2011.03.30,,00815767,20110330000488
4749,기  케이티엔지니어링,사업보고서 (2010.12),케이티엔지니어링,2011.03.30,,00160117,20110330000488
4750,유  삼성출판사,사업보고서 (2010.12),삼성출판사,2011.03.30,연,00423690,20110330000488
4751,코  차바이오텍  IR,사업보고서 (2010.12),차바이오텍,2011.03.30,정연,00525679,20110330000488
4752,유  카프로,사업보고서 (2010.12),카프로,2011.03.30,,00159810,20110330000488
4753,유  삼익THK,사업보고서 (2010.12),삼익THK,2011.03.30,연,00127802,20110330000488
4754,유  대한유화,사업보고서 (2010.12),대한유화,2011.03.30,연,00260383,20110330000488
4755,유  NICE평가정보,사업보고서 (2010.12),NICE평가정보,2011.03.30,연,00158325,20110330000488
4756,코  케이피티유,사업보고서 (2010.12),케이피티유,2011.03.30,,00357607,20110330000488
4757,코  특수건설,사업보고서 (2010.12),특수건설,2011.03.30,,00186939,20110330000488
4758,유  인팩,사업보고서 (2010.12),인팩,2011.03.30,연,00180795,20110330000488
4759,기  푸른일삼일팔,사업보고서 (2010.12),푸른일삼일팔,2011.03.30,,00332538,20110330000488
4760,코  탑엔지니어링,사업보고서 (2010.12),탑엔지니어링,2011.03.30,연,00366845,20110330000488
4761,기  엔빅스,사업보고서 (2010.12),엔빅스,2011.03.30,,00300566,20110330000488
4762,코  코아시아,사업보고서 (2010.12),코아시아,2011.03.30,연,00271501,20110330000488
4763,코  서호전기,사업보고서 (2010.12),서호전기,2011.03.30,정,00220622,20110330000488
4764,유  성안머티리얼스,사업보고서 (2010.12),성안머티리얼스,2011.03.30,연,00132868,20110330000488
4765,유  한국주강,사업보고서 (2010.12),한국주강,2011.03.30,정,00159564,20110330000488
4766,유  오리온홀딩스,사업보고서 (2010.12),오리온홀딩스,2011.03.30,연,00117577,20110330000488
4767,코  우리넷,사업보고서 (2010.12),우리넷,2011.03.30,,00664048,20110330000488
4768,기  제낙스,사업보고서 (2010.12),제낙스,2011.03.30,연,00201788,20110330000488
4769,기  천지산업,사업보고서 (2010.12),천지산업,2011.03.30,연,00151447,20110330000488
4770,코  에스에너지,사업보고서 (2010.12),에스에너지,2011.03.30,연,00585538,20110330000488
4771,코  S&K폴리텍,사업보고서 (2010.12),S&K폴리텍,2011.03.30,,00580667,20110330000488
4772,코  웰킵스하이텍,사업보고서 (2010.12),웰킵스하이텍,2011.03.30,,00260611,20110330000488
4773,유  삼화페인트공업,사업보고서 (2010.12),삼화페인트공업,2011.03.30,연,00129387,20110330000488
4774,코  디케이락,사업보고서 (2010.12),디케이락,2011.03.30,,00533003,20110330000488
4775,유  진양폴리우레탄,사업보고서 (2010.12),진양폴리우레탄,2011.03.30,,00160375,20110330000488
4776,유  GS리테일,사업보고서 (2010.12),GS리테일,2011.03.30,,00140177,20110330000488
4777,코  나라엠앤디,사업보고서 (2010.12),나라엠앤디,2011.03.30,연,00297095,20110330000488
4778,코  월덱스,사업보고서 (2010.12),월덱스,2011.03.30,연,00580065,20110330000488
4779,기  귀뚜라미범양냉방,사업보고서 (2010.12),귀뚜라미범양냉방,2011.03.30,,00122700,20110330000488
4780,기  디비엘,사업보고서 (2010.12),디비엘,2011.03.30,,00291152,20110330000488
4781,기  농업회사법인고창황토배기유통,사업보고서 (2010.12),농업회사법인고창황토배기유통,2011.03.30,,00637901,20110330000488
4782,유  전방,사업보고서 (2010.12),전방,2011.03.30,연,00147222,20110330000488
4783,코  쏠리드,사업보고서 (2010.12),쏠리드,2011.03.30,연,00364403,20110330000488
4784,기  포스코에너지,사업보고서 (2010.12),포스코에너지,2011.03.30,,00306135,20110330000488
4785,기  하이디인베스트먼트,사업보고서 (2010.12),하이디인베스트먼트,2011.03.30,,00575258,20110330000488
4786,유  모토닉,사업보고서 (2010.12),모토닉,2011.03.30,연,00151128,20110330000488
4787,유  에이프로젠,사업보고서 (2010.12),에이프로젠,2011.03.30,연,00152385,20110330000488
4788,코  하이텍팜,사업보고서 (2010.12),하이텍팜,2011.03.30,,00409964,20110330000488
4789,코  세운메디칼,사업보고서 (2010.12),세운메디칼,2011.03.30,,00362201,20110330000488
4790,유  유니드,사업보고서 (2010.12),유니드,2011.03.30,연,00159786,20110330000488
4791,유  예스코홀딩스,사업보고서 (2010.12),예스코홀딩스,2011.03.30,연,00105101,20110330000488
4792,유  디씨엠,사업보고서 (2010.12),디씨엠,2011.03.30,연,00177199,20110330000488
4793,기  삼흥,사업보고서 (2010.12),삼흥,2011.03.30,,00135166,20110330000488
4794,기  이디디컴퍼니,사업보고서 (2010.12),이디디컴퍼니,2011.03.30,,00329677,20110330000488
4795,코  신일제약,사업보고서 (2010.12),신일제약,2011.03.30,,00137058,20110330000488
4796,유  평화산업,사업보고서 (2010.12),평화산업,2011.03.30,,00573579,20110330000488
4797,코  엘오티베큠  IR,사업보고서 (2010.12),엘오티베큠,2011.03.30,,00484682,20110330000488
4798,유  이연제약,사업보고서 (2010.12),이연제약,2011.03.30,,00145598,20110330000488
4799,코  아가방컴퍼니,사업보고서 (2010.12),아가방컴퍼니,2011.03.30,,00138446,20110330000488
4800,코  씨젠  IR,사업보고서 (2010.12),씨젠,2011.03.30,정,00788773,20110330000488
4801,유  한국수출포장공업,사업보고서 (2010.12),한국수출포장공업,2011.03.30,,00158112,20110330000125
4802,코  아이크래프트,사업보고서 (2010.12),아이크래프트,2011.03.30,,00405719,20110330000125
4803,기  글로앤웰,사업보고서 (2010.12),글로앤웰,2011.03.30,,00255141,20110330000125
4804,코  글로벌에스엠,사업보고서 (2010.12),글로벌에스엠,2011.03.30,연,00783246,20110330000125
4805,기  씨제이건설,사업보고서 (2010.12),씨제이건설,2011.03.30,,00222550,20110330000125
4806,코  코리아나  IR,사업보고서 (2010.12),코리아나,2011.03.30,정,00152589,20110330000125
4807,기  에스마크,사업보고서 (2010.12),에스마크,2011.03.30,,00100258,20110330000125
4808,유  영화금속,사업보고서 (2010.12),영화금속,2011.03.30,연,00141413,20110330000125
4809,기  강원특별자치도민프로축구단,사업보고서 (2010.12),강원특별자치도민프로축구단,2011.03.30,,00685333,20110330000125
4810,코  국순당,사업보고서 (2010.12),국순당,2011.03.30,,00256715,20110330000125
4811,코  대호특수강,사업보고서 (2010.12),대호특수강,2011.03.30,,00166175,20110330000125
4812,유  환인제약,사업보고서 (2010.12),환인제약,2011.03.30,,00166573,20110330000125
4813,코  알파홀딩스,사업보고서 (2010.12),알파홀딩스,2011.03.30,정,00605124,20110330000125
4814,코  투비소프트,사업보고서 (2010.12),투비소프트,2011.03.30,정,00596260,20110330000125
4815,코  삼일,사업보고서 (2010.12),삼일,2011.03.30,,00127909,20110330000125
4816,코  인트론바이오,사업보고서 (2010.12),인트론바이오,2011.03.30,,00292434,20110330000125
4817,코  동아화성,사업보고서 (2010.12),동아화성,2011.03.30,연,00199988,20110330000125
4818,기  아이디스파워텔,사업보고서 (2010.12),아이디스파워텔,2011.03.30,,00187868,20110330000125
4819,유  유니온머티리얼,사업보고서 (2010.12),유니온머티리얼,2011.03.30,,00369833,20110330000125
4820,기  유일엔시스,사업보고서 (2010.12),유일엔시스,2011.03.30,,00264802,20110330000125
4821,코  한일단조,사업보고서 (2010.12),한일단조,2011.03.30,연,00162832,20110330000125
4822,코  SM Life Design,사업보고서 (2010.12),SM Life Design,2011.03.30,정,00367604,20110330000125
4823,코  파트론,사업보고서 (2010.12),파트론,2011.03.30,정연,00490151,20110330000125
4824,코  에스엠,사업보고서 (2010.12),에스엠,2011.03.30,,00260930,20110330000125
4825,코  엔피케이,사업보고서 (2010.12),엔피케이,2011.03.30,,00108490,20110330000125
4826,기  한진피앤씨,사업보고서 (2010.12),한진피앤씨,2011.03.30,,00163619,20110330000125
4827,코  유아이엘,사업보고서 (2010.12),유아이엘,2011.03.30,연,00256380,20110330000125
4828,기  모린스,사업보고서 (2010.12),모린스,2011.03.30,,00676380,20110330000125
4829,코  동국S&C,사업보고서 (2010.12),동국S&C,2011.03.30,,00415594,20110330000125
4830,기  서림비앤에스,사업보고서 (2010.12),서림비앤에스,2011.03.30,,00269065,20110330000125
4831,코  YBM넷,사업보고서 (2010.12),YBM넷,2011.03.30,,00307222,20110330000125
4832,기  알씨아이파이낸셜서비스코리아,사업보고서 (2010.12),알씨아이파이낸셜서비스코리아,2011.03.30,,00573551,20110330000125
4833,기  디케이씨,사업보고서 (2010.12),디케이씨,2011.03.30,연,00324104,20110330000125
4834,유  포스코퓨처엠,사업보고서 (2010.12),포스코퓨처엠,2011.03.30,,00155276,20110330000125
4835,코  쌍용정보통신,사업보고서 (2010.12),쌍용정보통신,2011.03.30,,00138303,20110330000125
4836,코  승일,사업보고서 (2010.12),승일,2011.03.30,,00135467,20110330000125
4837,기  유니텍,사업보고서 (2010.12),유니텍,2011.03.30,,00273101,20110330000125
4838,유  서원,사업보고서 (2010.12),서원,2011.03.30,연,00131197,20110330000125
4839,코  클라우드에어,사업보고서 (2010.12),클라우드에어,2011.03.30,,00232821,20110330000125
4840,기  한섬피앤디,사업보고서 (2010.12),한섬피앤디,2011.03.30,,00756330,20110330000125
4841,유  대원전선,사업보고서 (2010.12),대원전선,2011.03.30,,00260392,20110330000125
4842,기  일신레져,사업보고서 (2010.12),일신레져,2011.03.30,,00300399,20110330000125
4843,코  초록뱀미디어,사업보고서 (2010.12),초록뱀미디어,2011.03.30,연,00299464,20110330000125
4844,코  오르비텍,사업보고서 (2010.12),오르비텍,2011.03.30,,00297989,20110330000125
4845,코  중앙백신,사업보고서 (2010.12),중앙백신,2011.03.30,,00415327,20110330000125
4846,유  유니켐,사업보고서 (2010.12),유니켐,2011.03.30,,00137207,20110330000125
4847,유  경인전자,사업보고서 (2010.12),경인전자,2011.03.30,,00102140,20110330000125
4848,기  한국남부발전,사업보고서 (2010.12),한국남부발전,2011.03.30,,00382834,20110330000125
4849,코  디에이피,사업보고서 (2010.12),디에이피,2011.03.30,,00303192,20110330000125
4850,기  아이비케이에스스마트에스엠이기업인수목적1호,사업보고서 (2010.12),아이비케이에스스마트에스엠이기업인수목적1호,2011.03.30,,00824659,20110330000125
4851,유  삼익악기,사업보고서 (2010.12),삼익악기,2011.03.30,연,00127857,20110330000125
4852,기  지나인제약,사업보고서 (2010.12),지나인제약,2011.03.30,정연,00477257,20110330000125
4853,기  아큐텍,사업보고서 (2010.12),아큐텍,2011.03.30,,00267951,20110330000125
4854,코  동일금속,사업보고서 (2010.12),동일금속,2011.03.30,,00118284,20110330000125
4855,코  현대에버다임,사업보고서 (2010.12),현대에버다임,2011.03.30,정,00228536,20110330000125
4856,코  한양이엔지,사업보고서 (2010.12),한양이엔지,2011.03.30,정연,00216762,20110330000125
4857,유  경방,사업보고서 (2010.12),경방,2011.03.30,연,00101628,20110330000125
4858,코  태양,사업보고서 (2010.12),태양,2011.03.30,,00186717,20110330000125
4859,기  엘트온,사업보고서 (2010.12),엘트온,2011.03.30,,00140919,20110330000125
4860,코  세중,사업보고서 (2010.12),세중,2011.03.30,연,00264671,20110330000125
4861,코  대동기어,사업보고서 (2010.12),대동기어,2011.03.30,,00109310,20110330000125
4862,기  세미텍,사업보고서 (2010.12),세미텍,2011.03.30,,00481676,20110330000125
4863,코  금화피에스시,사업보고서 (2010.12),금화피에스시,2011.03.30,,00176516,20110330000125
4864,유  한섬,사업보고서 (2010.12),한섬,2011.03.30,연,00188089,20110330000125
4865,코  아이엠,사업보고서 (2010.12),아이엠,2011.03.30,연,00609634,20110330000125
4866,기  코리아2000,사업보고서 (2010.12),코리아2000,2011.03.30,연,00271440,20110330000125
4867,유  디와이,사업보고서 (2010.12),디와이,2011.03.30,연,00117179,20110330000125
4868,코  한양디지텍,사업보고서 (2010.12),한양디지텍,2011.03.30,연,00488989,20110330000125
4869,유  대한제당,사업보고서 (2010.12),대한제당,2011.03.30,연,00113234,20110330000125
4870,코  삼화네트웍스,사업보고서 (2010.12),삼화네트웍스,2011.03.30,,00301112,20110330000125
4871,기  인천유나이티드  IR,사업보고서 (2010.12),인천유나이티드,2011.03.30,,00463582,20110330000125
4872,코  지더블유바이텍,사업보고서 (2010.12),지더블유바이텍,2011.03.30,,00257149,20110330000125
4873,기  평산,사업보고서 (2010.12),평산,2011.03.30,연,00220181,20110330000125
4874,코  메디톡스,사업보고서 (2010.12),메디톡스,2011.03.30,정,00580199,20110330000125
4875,유  F&F 홀딩스,사업보고서 (2010.12),F&F 홀딩스,2011.03.30,,00126487,20110330000125
4876,코  폴라리스AI,사업보고서 (2010.12),폴라리스AI,2011.03.30,,00369213,20110330000125
4877,기  경주신라컨트리클럽,사업보고서 (2010.12),경주신라컨트리클럽,2011.03.30,,00413444,20110330000125
4878,유  일신방직,사업보고서 (2010.12),일신방직,2011.03.30,연,00146269,20110330000125
4879,코  리노공업,사업보고서 (2010.12),리노공업,2011.03.30,연,00369657,20110330000125
4880,유  상신브레이크,사업보고서 (2010.12),상신브레이크,2011.03.30,연,00129642,20110330000125
4881,코  모아텍,사업보고서 (2010.12),모아텍,2011.03.30,정연,00241209,20110330000125
4882,코  KCI,사업보고서 (2010.12),KCI,2011.03.30,,00265041,20110330000125
4883,기  한국지주,사업보고서 (2010.12),한국지주,2011.03.30,연,00159874,20110330000125
4884,유  파미셀,사업보고서 (2010.12),파미셀,2011.03.30,,00145163,20110330000125
4885,코  홈캐스트,사업보고서 (2010.12),홈캐스트,2011.03.30,,00385336,20110330000125
4886,코  매커스,사업보고서 (2010.12),매커스,2011.03.30,,00596677,20110330000125
4887,코  케이씨티,사업보고서 (2010.12),케이씨티,2011.03.30,,00441447,20110330000125
4888,코  셀바스AI,사업보고서 (2010.12),셀바스AI,2011.03.30,,00666064,20110330000125
4889,코  제이에스티나,사업보고서 (2010.12),제이에스티나,2011.03.30,,00120289,20110330000125
4890,기  에어미디어,사업보고서 (2010.12),에어미디어,2011.03.30,,00239675,20110330000125
4891,코  성우테크론,사업보고서 (2010.12),성우테크론,2011.03.30,연,00350482,20110330000125
4892,코  디티씨,사업보고서 (2010.12),디티씨,2011.03.30,,00371740,20110330000125
4893,코  삼현철강,사업보고서 (2010.12),삼현철강,2011.03.30,,00128926,20110330000125
4894,코  피씨디렉트,사업보고서 (2010.12),피씨디렉트,2011.03.30,,00297934,20110330000125
4895,코  YTN,사업보고서 (2010.12),YTN,2011.03.30,,00200275,20110330000125
4896,코  동우팜투테이블,사업보고서 (2010.12),동우팜투테이블,2011.03.30,,00228712,20110330000125
4897,유  신도리코,사업보고서 (2010.12),신도리코,2011.03.30,연,00135795,20110330000125
4898,유  보락,사업보고서 (2010.12),보락,2011.03.30,,00123107,20110330000125
4899,기  하림홀딩스,사업보고서 (2010.12),하림홀딩스,2011.03.30,연,00156044,20110330000125
4900,유  일동홀딩스,사업보고서 (2010.12),일동홀딩스,2011.03.30,연,00146083,20110330000125
4901,기  현대아산,사업보고서 (2010.12),현대아산,2011.03.30,,00255257,20110329000141
4902,유  한국내화,사업보고서 (2010.12),한국내화,2011.03.30,,00160205,20110329000141
4903,유  국도화학,사업보고서 (2010.12),국도화학,2011.03.30,연,00104388,20110329000141
4904,기  서광,사업보고서 (2010.12),서광,2011.03.30,,00130152,20110329000141
4905,코  동진쎄미켐,사업보고서 (2010.12),동진쎄미켐,2011.03.30,연,00118804,20110329000141
4906,코  블루콤,사업보고서 (2010.12),블루콤,2011.03.30,연,00238001,20110329000141
4907,유  진양홀딩스,사업보고서 (2010.12),진양홀딩스,2011.03.30,연,00646732,20110329000141
4908,기  GS파워,사업보고서 (2010.12),GS파워,2011.03.30,,00325185,20110329000141
4909,코  티피씨글로벌,사업보고서 (2010.12),티피씨글로벌,2011.03.30,,00578538,20110329000141
4910,코  쎄트렉아이,사업보고서 (2010.12),쎄트렉아이,2011.03.30,,00449254,20110329000141
4911,코  디에이치엑스컴퍼니,사업보고서 (2010.12),디에이치엑스컴퍼니,2011.03.30,연,00180865,20110329000141
4912,유  모나리자,사업보고서 (2010.12),모나리자,2011.03.30,,00173102,20110329000141
4913,코  한국정밀기계,사업보고서 (2010.12),한국정밀기계,2011.03.30,,00257732,20110329000141
4914,코  한네트,사업보고서 (2010.12),한네트,2011.03.30,,00244783,20110329000141
4915,유  한농화성,사업보고서 (2010.12),한농화성,2011.03.30,,00160861,20110329000141
4916,유  현대리바트,사업보고서 (2010.12),현대리바트,2011.03.30,,00300548,20110329000141
4917,코  CBI,사업보고서 (2010.12),CBI,2011.03.30,,00151605,20110329000141
4918,기  티엘아이,사업보고서 (2010.12),티엘아이,2011.03.30,,00261887,20110329000141
4919,유  TYM  IR,사업보고서 (2010.12),TYM,2011.03.30,연,00117230,20110329000141
4920,기  씨그널엔터테인먼트그룹,사업보고서 (2010.12),씨그널엔터테인먼트그룹,2011.03.30,,00232496,20110329000141
4921,코  와이엠,사업보고서 (2010.12),와이엠,2011.03.30,,00140858,20110329000141
4922,유  진양산업,사업보고서 (2010.12),진양산업,2011.03.30,,00150439,20110329000141
4923,코  코웰패션,사업보고서 (2010.12),코웰패션,2011.03.30,연,00155948,20110329000141
4924,기  폴루스바이오팜,사업보고서 (2010.12),폴루스바이오팜,2011.03.30,,00167280,20110329000141
4925,기  와이즈파워,사업보고서 (2010.12),와이즈파워,2011.03.30,연,00248123,20110329000141
4926,코  NE능률,사업보고서 (2010.12),NE능률,2011.03.30,,00363927,20110329000141
4927,코  제주반도체,사업보고서 (2010.12),제주반도체,2011.03.30,,00447487,20110329000141
4928,코  동방선기,사업보고서 (2010.12),동방선기,2011.03.30,연,00526678,20110329000141
4929,유  DRB동일,사업보고서 (2010.12),DRB동일,2011.03.30,연,00118266,20110329000141
4930,기  대신증권그로쓰알파기업인수목적,사업보고서 (2010.12),대신증권그로쓰알파기업인수목적,2011.03.30,,00804114,20110329000141
4931,코  진바이오텍,사업보고서 (2010.12),진바이오텍,2011.03.30,연,00491053,20110329000141
4932,코  CS,사업보고서 (2010.12),CS,2011.03.30,연,00303703,20110329000141
4933,코  동원개발,사업보고서 (2010.12),동원개발,2011.03.30,,00117966,20110329000141
4934,기  제주국제컨벤션센터,사업보고서 (2010.12),제주국제컨벤션센터,2011.03.30,,00232335,20110329000141
4935,유  넥센,사업보고서 (2010.12),넥센,2011.03.30,연,00167192,20110329000141
4936,기  동성하이켐,사업보고서 (2010.12),동성하이켐,2011.03.30,,00165529,20110329000141
4937,유  아진전자부품,사업보고서 (2010.12),아진전자부품,2011.03.30,연,00111689,20110329000141
4938,코  한국알콜,사업보고서 (2010.12),한국알콜,2011.03.30,연,00158565,20110329000141
4939,유  서흥,사업보고서 (2010.12),서흥,2011.03.30,연,00131692,20110329000141
4940,기  창원컨트리클럽,사업보고서 (2010.12),창원컨트리클럽,2011.03.30,,00455185,20110329000141
4941,코  와이지-원,사업보고서 (2010.12),와이지-원,2011.03.30,연,00139719,20110329000141
4942,기  마금,사업보고서 (2010.12),마금,2011.03.30,,00138835,20110329000141
4943,기  세아창원특수강,사업보고서 (2010.12),세아창원특수강,2011.03.30,정,00231512,20110329000141
4944,유  성창기업지주,사업보고서 (2010.12),성창기업지주,2011.03.30,연,00133335,20110329000141
4945,기  극동전선,사업보고서 (2010.12),극동전선,2011.03.29,,00105165,20110329000141
4946,코  동성화인텍,사업보고서 (2010.12),동성화인텍,2011.03.29,,00231105,20110329000141
4947,코  테크엘,사업보고서 (2010.12),테크엘,2011.03.29,,00370255,20110329000141
4948,코  이루온,사업보고서 (2010.12),이루온,2011.03.29,,00390514,20110329000141
4949,코  이엠텍,사업보고서 (2010.12),이엠텍,2011.03.29,연,00541163,20110329000141
4950,기  팬택자산관리,사업보고서 (2010.12),팬택자산관리,2011.03.29,연,00207542,20110329000141
4951,기  에이스하이텍,사업보고서 (2010.12),에이스하이텍,2011.03.29,,00183260,20110329000141
4952,기  에스칩스,사업보고서 (2010.12),에스칩스,2011.03.29,,00259378,20110329000141
4953,코  옵투스제약,사업보고서 (2010.12),옵투스제약,2011.03.29,,00831428,20110329000141
4954,유  CJ씨푸드,사업보고서 (2010.12),CJ씨푸드,2011.03.29,,00129013,20110329000141
4955,유  웰바이오텍  IR,사업보고서 (2010.12),웰바이오텍,2011.03.29,연,00141273,20110329000141
4956,코  MDS테크,사업보고서 (2010.12),MDS테크,2011.03.29,,00445841,20110329000141
4957,유  도화엔지니어링,사업보고서 (2010.12),도화엔지니어링,2011.03.29,,00114552,20110329000141
4958,유  수산중공업,사업보고서 (2010.12),수산중공업,2011.03.29,연,00135111,20110329000141
4959,코  프리엠스,사업보고서 (2010.12),프리엠스,2011.03.29,,00352064,20110329000141
4960,기  렉스엘이앤지,사업보고서 (2010.12),렉스엘이앤지,2011.03.29,정연,00106492,20110329000141
4961,코  아이디스홀딩스,사업보고서 (2010.12),아이디스홀딩스,2011.03.29,정연,00359580,20110329000141
4962,코  아미노로직스,사업보고서 (2010.12),아미노로직스,2011.03.29,연,00466428,20110329000141
4963,기  와이디생명과학,사업보고서 (2010.12),와이디생명과학,2011.03.29,,00697611,20110329000141
4964,코  하이퍼코퍼레이션,사업보고서 (2010.12),하이퍼코퍼레이션,2011.03.29,,00391197,20110329000141
4965,기  레드로버,사업보고서 (2010.12),레드로버,2011.03.29,,00364795,20110329000141
4966,코  아이앤씨,사업보고서 (2010.12),아이앤씨,2011.03.29,,00365758,20110329000141
4967,기  디에스티,사업보고서 (2010.12),디에스티,2011.03.29,,00244419,20110329000141
4968,코  에이스침대,사업보고서 (2010.12),에이스침대,2011.03.29,,00140052,20110329000141
4969,코  세코닉스,사업보고서 (2010.12),세코닉스,2011.03.29,연,00351630,20110329000141
4970,코  에이디칩스,사업보고서 (2010.12),에이디칩스,2011.03.29,,00356927,20110329000141
4971,코  엔텔스,사업보고서 (2010.12),엔텔스,2011.03.29,,00415707,20110329000141
4972,코  이화공영,사업보고서 (2010.12),이화공영,2011.03.29,,00145668,20110329000141
4973,기  삼중테크,사업보고서 (2010.12),삼중테크,2011.03.29,,00340795,20110329000141
4974,유  TCC스틸,사업보고서 (2010.12),TCC스틸,2011.03.29,연,00117300,20110329000141
4975,코  유진테크,사업보고서 (2010.12),유진테크,2011.03.29,,00531014,20110329000141
4976,코  대한뉴팜,사업보고서 (2010.12),대한뉴팜,2011.03.29,,00207375,20110329000141
4977,기  이엘케이,사업보고서 (2010.12),이엘케이,2011.03.29,,00379016,20110329000141
4978,유  코스모신소재,사업보고서 (2010.12),코스모신소재,2011.03.29,정,00129989,20110329000141
4979,코  삼진엘앤디,사업보고서 (2010.12),삼진엘앤디,2011.03.29,정연,00239514,20110329000141
4980,기  케이에프,사업보고서 (2010.12),케이에프,2011.03.29,,00584511,20110329000141
4981,코  인포뱅크,사업보고서 (2010.12),인포뱅크,2011.03.29,정,00243757,20110329000141
4982,코  화신정공,사업보고서 (2010.12),화신정공,2011.03.29,,00825223,20110329000141
4983,코  진로발효,사업보고서 (2010.12),진로발효,2011.03.29,,00170877,20110329000141
4984,코  파인디지털,사업보고서 (2010.12),파인디지털,2011.03.29,,00264732,20110329000141
4985,기  흥화,사업보고서 (2010.12),흥화,2011.03.29,,00167314,20110329000141
4986,코  오공,사업보고서 (2010.12),오공,2011.03.29,정연,00220969,20110329000141
4987,코  포메탈,사업보고서 (2010.12),포메탈,2011.03.29,,00188797,20110329000141
4988,코  형지I&C,사업보고서 (2010.12),형지I&C,2011.03.29,,00142713,20110329000141
4989,코  에스티오,사업보고서 (2010.12),에스티오,2011.03.29,,00612188,20110329000141
4990,기  동부티에스블랙펄기업인수목적,사업보고서 (2010.12),동부티에스블랙펄기업인수목적,2011.03.29,정,00828309,20110329000141
4991,코  흥국,사업보고서 (2010.12),흥국,2011.03.29,연,00167031,20110329000141
4992,유  부산산업,사업보고서 (2010.12),부산산업,2011.03.29,연,00124027,20110329000141
4993,코  빌리언스,사업보고서 (2010.12),빌리언스,2011.03.29,,00173449,20110329000141
4994,코  태웅,사업보고서 (2010.12),태웅,2011.03.29,정,00186799,20110329000141
4995,코  우원개발,사업보고서 (2010.12),우원개발,2011.03.29,연,00363246,20110329000141
4996,기  부산교통공사,사업보고서 (2010.12),부산교통공사,2011.03.29,,00856597,20110329000141
4997,기  경남도민프로축구단,사업보고서 (2010.12),경남도민프로축구단,2011.03.29,,00543170,20110329000141
4998,기  LG생명과학,사업보고서 (2010.12),LG생명과학,2011.03.29,연,00423609,20110329000141
4999,코  리더스코스메틱,사업보고서 (2010.12),리더스코스메틱,2011.03.29,,00180263,20110329000141
5000,기  협화,[기재정정]사업보고서 (2010.12),협화,2011.03.29,,00160533,20110329000141
5001,코  흥구석유,사업보고서 (2010.12),흥구석유,2011.03.29,,00167004,20110121000268
5002,기  한국통신데이타,사업보고서 (2010.12),한국통신데이타,2011.03.29,,00347619,20110121000268
5003,코  모헨즈,사업보고서 (2010.12),모헨즈,2011.03.29,연,00163318,20110121000268
5004,기  대한공인중개사정보통신,사업보고서 (2010.12),대한공인중개사정보통신,2011.03.29,,00443649,20110121000268
5005,기  지에스이피에스,사업보고서 (2010.12),지에스이피에스,2011.03.29,,00231929,20110121000268
5006,코  시공테크,사업보고서 (2010.12),시공테크,2011.03.29,연,00170026,20110121000268
5007,코  위지트,사업보고서 (2010.12),위지트,2011.03.29,,00258360,20110121000268
5008,코  대성미생물,사업보고서 (2010.12),대성미생물,2011.03.29,,00177320,20110121000268
5009,기  에스카테크,사업보고서 (2010.12),에스카테크,2011.03.29,,00373845,20110121000268
5010,코  엘디티,사업보고서 (2010.12),엘디티,2011.03.29,,00540571,20110121000268
5011,코  넥스턴바이오,사업보고서 (2010.12),넥스턴바이오,2011.03.29,,00416414,20110121000268
5012,코  삼일기업공사,사업보고서 (2010.12),삼일기업공사,2011.03.29,,00127936,20110121000268
5013,유  KC코트렐,사업보고서 (2010.12),KC코트렐,2011.03.29,,00797364,20110121000268
5014,유  고려제강,사업보고서 (2010.12),고려제강,2011.03.29,연,00103006,20110121000268
5015,유  KC그린홀딩스,사업보고서 (2010.12),KC그린홀딩스,2011.03.29,연,00159971,20110121000268
5016,유  엘앤에프,사업보고서 (2010.12),엘앤에프,2011.03.29,연,00398701,20110121000268
5017,코  에이텍,사업보고서 (2010.12),에이텍,2011.03.29,,00256502,20110121000268
5018,코  에스폴리텍,사업보고서 (2010.12),에스폴리텍,2011.03.29,연,00340272,20110121000268
5019,유  조흥,사업보고서 (2010.12),조흥,2011.03.29,,00149345,20110121000268
5020,기  월드파워텍,사업보고서 (2010.12),월드파워텍,2011.03.29,,00315267,20110121000268
5021,코  스페코,사업보고서 (2010.12),스페코,2011.03.29,정연,00136165,20110121000268
5022,기  울산광역시도시공사,사업보고서 (2010.12),울산광역시도시공사,2011.03.28,,00852856,20110121000268
5023,코  HRS,사업보고서 (2010.12),HRS,2011.03.28,,00230911,20110121000268
5024,코  푸른기술,사업보고서 (2010.12),푸른기술,2011.03.28,,00537832,20110121000268
5025,기  미래에셋제1호기업인수목적,사업보고서 (2010.12),미래에셋제1호기업인수목적,2011.03.28,,00798284,20110121000268
5026,유  대한방직,사업보고서 (2010.12),대한방직,2011.03.28,연,00112970,20110121000268
5027,코  에스앤에스텍,사업보고서 (2010.12),에스앤에스텍,2011.03.28,,00411048,20110121000268
5028,코  대원미디어,사업보고서 (2010.12),대원미디어,2011.03.28,연,00351807,20110121000268
5029,유  유니퀘스트,사업보고서 (2010.12),유니퀘스트,2011.03.28,연,00414601,20110121000268
5030,코  선바이오,사업보고서 (2010.12),선바이오,2011.03.28,,00407036,20110121000268
5031,유  LG디스플레이,사업보고서 (2010.12),LG디스플레이,2011.03.28,연,00105873,20110121000268
5032,유  대성산업,사업보고서 (2010.12),대성산업,2011.03.28,정연,00828789,20110121000268
5033,코  케이바이오,사업보고서 (2010.12),케이바이오,2011.03.28,,00255105,20110121000268
5034,코  하이드로리튬,사업보고서 (2010.12),하이드로리튬,2011.03.28,,00527491,20110121000268
5035,기  협화,사업보고서 (2010.12),협화,2011.03.28,정,00160533,20110121000268
5036,코  에스코넥,사업보고서 (2010.12),에스코넥,2011.03.28,정연,00573269,20110121000268
5037,코  케이피엠테크,사업보고서 (2010.12),케이피엠테크,2011.03.28,정,00206686,20110121000268
5038,유  미창석유공업,사업보고서 (2010.12),미창석유공업,2011.03.28,,00122056,20110121000268
5039,코  GST,사업보고서 (2010.12),GST,2011.03.28,,00540863,20110121000268
5040,기  경상북도개발공사,사업보고서 (2010.12),경상북도개발공사,2011.03.28,,00855826,20110121000268
5041,기  신영씨앤디,사업보고서 (2010.12),신영씨앤디,2011.03.28,,00172778,20110121000268
5042,코  코텍,사업보고서 (2010.12),코텍,2011.03.28,,00305297,20110121000268
5043,유  대한제분,사업보고서 (2010.12),대한제분,2011.03.25,연,00113243,20110121000268
5044,기  더스텔라,사업보고서 (2010.12),더스텔라,2011.03.25,정연,00307037,20110121000268
5045,기  글로웨이,사업보고서 (2010.12),글로웨이,2011.03.25,연,00146764,20110121000268
5046,코  태광,사업보고서 (2010.12),태광,2011.03.25,,00153375,20110121000268
5047,유  티웨이홀딩스,사업보고서 (2010.12),티웨이홀딩스,2011.03.25,,00109514,20110121000268
5048,코  아이에이,사업보고서 (2010.12),아이에이,2011.03.25,정,00252269,20110121000268
5049,유  SNT모티브,사업보고서 (2010.12),SNT모티브,2011.03.25,연,00398792,20110121000268
5050,유  KR모터스,사업보고서 (2010.12),KR모터스,2011.03.25,연,00112378,20110121000268
5051,유  SNT에너지,사업보고서 (2010.12),SNT에너지,2011.03.25,,00648721,20110121000268
5052,유  SNT다이내믹스,사업보고서 (2010.12),SNT다이내믹스,2011.03.25,연,00134477,20110121000268
5053,유  아센디오,사업보고서 (2010.12),아센디오,2011.03.25,,00145437,20110121000268
5054,유  명문제약,사업보고서 (2010.12),명문제약,2011.03.25,연,00121039,20110121000268
5055,코  정상제이엘에스,사업보고서 (2010.12),정상제이엘에스,2011.03.25,,00287788,20110121000268
5056,코  한국정보통신,사업보고서 (2010.12),한국정보통신,2011.03.25,연,00159342,20110121000268
5057,코  다날,사업보고서 (2010.12),다날,2011.03.25,,00389970,20110121000268
5058,유  시알홀딩스,사업보고서 (2010.12),시알홀딩스,2011.03.25,연,00148984,20110121000268
5059,코  예림당,사업보고서 (2010.12),예림당,2011.03.25,,00259934,20110121000268
5060,기  부국퓨쳐스타즈기업인수목적,사업보고서 (2010.12),부국퓨쳐스타즈기업인수목적,2011.03.25,,00808262,20110121000268
5061,코  현대바이오랜드,사업보고서 (2010.12),현대바이오랜드,2011.03.25,,00347062,20110121000268
5062,기  블루젬디앤씨,[기재정정]사업보고서 (2010.12),블루젬디앤씨,2011.03.25,정,00349468,20110121000268
5063,기  휘라포토닉스,사업보고서 (2010.12),휘라포토닉스,2011.03.25,,00360744,20110121000268
5064,기  블루젬디앤씨,사업보고서 (2010.12),블루젬디앤씨,2011.03.25,정,00349468,20110121000268
5065,코  쎌바이오텍,사업보고서 (2010.12),쎌바이오텍,2011.03.25,,00357430,20110121000268
5066,기  케이아이티  IR,사업보고서 (2010.12),케이아이티,2011.03.25,,00268163,20110121000268
5067,기  동아일보사,사업보고서 (2010.12),동아일보사,2011.03.25,정연,00116763,20110121000268
5068,기  하나캐피탈,사업보고서 (2010.12),하나캐피탈,2011.03.25,,00152932,20110121000268
5069,유  LF,사업보고서 (2010.12),LF,2011.03.24,연,00593032,20110121000268
5070,기  클루넷,사업보고서 (2010.12),클루넷,2011.03.24,,00419989,20110121000268
5071,코  상신이디피,사업보고서 (2010.12),상신이디피,2011.03.24,,00480783,20110121000268
5072,유  롯데렌탈,사업보고서 (2010.12),롯데렌탈,2011.03.24,,00545716,20110121000268
5073,기  에스케이브로드밴드,사업보고서 (2010.12),에스케이브로드밴드,2011.03.24,연,00243988,20110121000268
5074,기  농업회사법인영광군유통,사업보고서 (2010.12),농업회사법인영광군유통,2011.03.22,,00780319,20110121000268
5075,기  테크밸리,사업보고서 (2010.12),테크밸리,2011.03.22,,00263423,20110121000268
5076,코  도이치모터스,사업보고서 (2010.12),도이치모터스,2011.03.21,,00449379,20110121000268
5077,코  디모아,사업보고서 (2010.12),디모아,2011.03.21,,00125725,20110121000268
5078,기  바이오빌,사업보고서 (2010.12),바이오빌,2011.03.21,,00155382,20110121000268
5079,유  코아스,사업보고서 (2010.12),코아스,2011.03.21,,00210856,20110121000268
5080,기  인터피온반도체,사업보고서 (2010.12),인터피온반도체,2011.03.21,,00111591,20110121000268
5081,기  현대커머셜  IR,사업보고서 (2010.12),현대커머셜,2011.03.18,,00603278,20110121000268
5082,유  신원,사업보고서 (2010.12),신원,2011.03.18,연,00136864,20110121000268
5083,기  사이버씨브이에스,사업보고서 (2010.12),사이버씨브이에스,2011.03.17,,00403465,20110121000268
5084,유  한국토지신탁,사업보고서 (2010.12),한국토지신탁,2011.03.16,,00233653,20110121000268
5085,기  씨엔씨엔터프라이즈,사업보고서 (2010.12),씨엔씨엔터프라이즈,2011.03.14,,00234555,20110121000268
5086,기  푸르덴셜파이낸셜인크,사업보고서 (2010.12),푸르덴셜파이낸셜인크,2011.03.07,연,00586120,20110121000268
5087,기  알이네트웍스,사업보고서 (2010.12),알이네트웍스,2011.03.04,,00104892,20110121000268
5088,코  메디아나,사업보고서 (2010.12),메디아나,2011.03.03,,00273439,20110121000268
5089,유  현대약품,사업보고서 (2010.11),현대약품,2011.02.28,,00164706,20110121000268
5090,코  강원에너지,사업보고서 (2010.11),강원에너지,2011.02.28,,00100601,20110121000268
5091,기  코캄,사업보고서 (2010.11),코캄,2011.02.25,,00299677,20110121000268
5092,기  일화모직공업,사업보고서 (2010.11),일화모직공업,2011.02.25,정,00146719,20110121000268
5093,기  평산차업집단유한공사,사업보고서 (2010.09),평산차업집단유한공사,2011.01.31,연,00599230,20110121000268
5094,기  피케이엘,사업보고서 (2010.10),피케이엘,2011.01.28,연,00222213,20110121000268
5095,기  뉴비지니스시스템,사업보고서 (2010.10),뉴비지니스시스템,2011.01.28,,00329446,20110121000268
5096,코  농우바이오,사업보고서 (2010.10),농우바이오,2011.01.27,연,00176835,20110121000268
5097,코  서한,[기재정정]사업보고서 (2009.12),서한,2011.01.26,,00131504,20110121000268
5098,기  이랜드리테일,[기재정정]사업보고서 (2009.12),이랜드리테일,2011.01.25,,00108418,20110121000268
5099,유  신한지주,[기재정정]사업보고서 (2009.12),신한지주,2011.01.21,연,00382199,20110121000268
5100,기  신한은행,[기재정정]사업보고서 (2009.12),신한은행,2011.01.21,연,00149293,20110121000268
5101,유  신한지주,[기재정정]사업보고서 (2008.12),신한지주,2011.01.21,연,00382199,20100712000343
5102,기  신한은행,[기재정정]사업보고서 (2008.12),신한은행,2011.01.21,연,00149293,20100712000343
5103,기  세실,사업보고서 (2010.09),세실,2010.12.29,,00446831,20100712000343
5104,코  한국기업평가,사업보고서 (2010.09),한국기업평가,2010.12.29,연,00156956,20100712000343
5105,유  에이프로젠바이오로직스,[기재정정]사업보고서 (2010.09),에이프로젠바이오로직스,2010.12.29,연,00101044,20100712000343
5106,기  글로웍스,사업보고서 (2010.09),글로웍스,2010.12.29,연,00251190,20100712000343
5107,유  금비,사업보고서 (2010.09),금비,2010.12.29,,00168401,20100712000343
5108,코  인터엠,사업보고서 (2010.09),인터엠,2010.12.29,,00145914,20100712000343
5109,유  방림,사업보고서 (2010.09),방림,2010.12.29,연,00122348,20100712000343
5110,기  아시아퍼시픽14호선박투자회사,사업보고서 (2010.09),아시아퍼시픽14호선박투자회사,2010.12.29,연,00533696,20100712000343
5111,코  아이씨디,사업보고서 (2010.09),아이씨디,2010.12.29,,00298377,20100712000343
5112,기  대한은박지,사업보고서 (2010.09),대한은박지,2010.12.29,,00113173,20100712000343
5113,코  소프트센,사업보고서 (2010.09),소프트센,2010.12.29,연,00204226,20100712000343
5114,코  이크레더블,사업보고서 (2010.09),이크레더블,2010.12.29,,00634728,20100712000343
5115,유  신영와코루,사업보고서 (2010.09),신영와코루,2010.12.29,연,00136624,20100712000343
5116,코  한스바이오메드,사업보고서 (2010.09),한스바이오메드,2010.12.29,,00349060,20100712000343
5117,코  중앙에너비스,사업보고서 (2010.09),중앙에너비스,2010.12.28,,00149770,20100712000343
5118,유  에이프로젠바이오로직스,사업보고서 (2010.09),에이프로젠바이오로직스,2010.12.28,정연,00101044,20100712000343
5119,코  이수앱지스,[기재정정]사업보고서 (2009.12),이수앱지스,2010.12.20,,00526872,20100712000343
5120,기  아시아퍼시픽15호선박투자회사,사업보고서 (2010.08),아시아퍼시픽15호선박투자회사,2010.11.29,연,00533678,20100712000343
5121,코  풍강,사업보고서 (2010.08),풍강,2010.11.26,,00155373,20100712000343
5122,유  일진다이아,[기재정정]사업보고서 (2009.12),일진다이아,2010.11.10,,00508274,20100712000343
5123,기  솔로몬저축은행,[기재정정]사업보고서 (2010.06),솔로몬저축은행,2010.11.02,연,00189343,20100712000343
5124,코  와이오엠,[기재정정]사업보고서 (2010.06),와이오엠,2010.10.28,연,00370200,20100712000343
5125,코  씨엑스아이,사업보고서 (2010.06),씨엑스아이,2010.10.27,연,00800084,20100712000343
5126,기  한국저축은행,[기재정정]사업보고서 (2010.06),한국저축은행,2010.10.18,연,00104704,20100712000343
5127,코  JYP Ent.,[기재정정]사업보고서 (2010.06),JYP Ent.,2010.10.12,,00258689,20100712000343
5128,기  코크렙제8호위탁관리부동산투자회사,[기재정정]사업보고서 (2010.06),코크렙제8호위탁관리부동산투자회사,2010.10.08,,00560025,20100712000343
5129,기  메탈씨닷컴,사업보고서 (2010.06),메탈씨닷컴,2010.09.30,,00683353,20100712000343
5130,기  골든브릿지저축은행,사업보고서 (2010.06),골든브릿지저축은행,2010.09.30,,00174509,20100712000343
5131,기  더블유저축은행,사업보고서 (2010.06),더블유저축은행,2010.09.29,,00141361,20100712000343
5132,유  신성통상,[기재정정]사업보고서 (2010.06),신성통상,2010.09.29,연,00136341,20100712000343
5133,기  한국저축은행,사업보고서 (2010.06),한국저축은행,2010.09.28,정연,00104704,20100712000343
5134,유  신성통상,사업보고서 (2010.06),신성통상,2010.09.28,정연,00136341,20100712000343
5135,기  부산저축은행,사업보고서 (2010.06),부산저축은행,2010.09.28,연,00124054,20100712000343
5136,기  솔로몬저축은행,사업보고서 (2010.06),솔로몬저축은행,2010.09.28,정연,00189343,20100712000343
5137,유  세원정공,사업보고서 (2010.06),세원정공,2010.09.28,연,00134316,20100712000343
5138,기  동양밸류오션기업인수목적,[기재정정]사업보고서 (2010.06),동양밸류오션기업인수목적,2010.09.28,,00798530,20100712000343
5139,기  부산2저축은행,사업보고서 (2010.06),부산2저축은행,2010.09.28,,00263821,20100712000343
5140,기  경은저축은행,사업보고서 (2010.06),경은저축은행,2010.09.28,,00102043,20100712000343
5141,기  다올저축은행,사업보고서 (2010.06),다올저축은행,2010.09.28,,00165149,20100712000343
5142,기  에스비아이저축은행,사업보고서 (2010.06),에스비아이저축은행,2010.09.28,,00174518,20100712000343
5143,코  삼기,[첨부정정]사업보고서 (2010.06),삼기,2010.09.28,,00799177,20100712000343
5144,기  해솔저축은행,사업보고서 (2010.06),해솔저축은행,2010.09.28,,00547422,20100712000343
5145,기  한울저축은행,사업보고서 (2010.06),한울저축은행,2010.09.28,,00153481,20100712000343
5146,기  상상인저축은행,사업보고서 (2010.06),상상인저축은행,2010.09.28,,00163585,20100712000343
5147,코  메디콕스,사업보고서 (2010.06),메디콕스,2010.09.28,,00356839,20100712000343
5148,코  삼기,사업보고서 (2010.06),삼기,2010.09.28,정,00799177,20100712000343
5149,기  동양밸류오션기업인수목적,사업보고서 (2010.06),동양밸류오션기업인수목적,2010.09.28,정,00798530,20100712000343
5150,기  에스비아이2저축은행,사업보고서 (2010.06),에스비아이2저축은행,2010.09.28,,00100416,20100712000343
5151,코  바이온  IR,사업보고서 (2010.06),바이온,2010.09.28,,00232089,20100712000343
5152,기  제일이상호저축은행,사업보고서 (2010.06),제일이상호저축은행,2010.09.28,,00174323,20100712000343
5153,기  서울상호저축은행,사업보고서 (2010.06),서울상호저축은행,2010.09.28,,00130815,20100712000343
5154,코  와이오엠,사업보고서 (2010.06),와이오엠,2010.09.28,정연,00370200,20100712000343
5155,기  아시아퍼시픽12호선박투자회사,사업보고서 (2010.06),아시아퍼시픽12호선박투자회사,2010.09.28,연,00533836,20100712000343
5156,기  제일저축은행,사업보고서 (2010.06),제일저축은행,2010.09.28,연,00174129,20100712000343
5157,기  진흥저축은행,사업보고서 (2010.06),진흥저축은행,2010.09.28,연,00150855,20100712000343
5158,코  TPC,사업보고서 (2010.06),TPC,2010.09.28,,00108649,20100712000343
5159,코  양지사,사업보고서 (2010.06),양지사,2010.09.28,,00139685,20100712000343
5160,기  아시아퍼시픽11호선박투자회사,사업보고서 (2010.06),아시아퍼시픽11호선박투자회사,2010.09.28,연,00533793,20100712000343
5161,기  코크렙제15호기업구조조정부동산투자회사,사업보고서 (2010.06),코크렙제15호기업구조조정부동산투자회사,2010.09.28,,00788807,20100712000343
5162,기  두함지개발,사업보고서 (2010.06),두함지개발,2010.09.28,,00131328,20100712000343
5163,코  아세아텍,사업보고서 (2010.06),아세아텍,2010.09.28,,00138747,20100712000343
5164,기  소예,사업보고서 (2010.06),소예,2010.09.28,,00134909,20100712000343
5165,기  경기상호저축은행,사업보고서 (2010.06),경기상호저축은행,2010.09.28,,00385433,20100712000343
5166,기  하이콘테크,사업보고서 (2010.06),하이콘테크,2010.09.28,,00164335,20100712000343
5167,코  효성오앤비,사업보고서 (2010.06),효성오앤비,2010.09.28,,00367385,20100712000343
5168,기  알에스넷,사업보고서 (2010.06),알에스넷,2010.09.28,,00207436,20100712000343
5169,유  만호제강,사업보고서 (2010.06),만호제강,2010.09.28,,00120872,20100712000343
5170,유  체시스,사업보고서 (2010.06),체시스,2010.09.28,,00125576,20100712000343
5171,유  형지엘리트,사업보고서 (2010.06),형지엘리트,2010.09.28,,00441243,20100712000343
5172,코  푸른저축은행,사업보고서 (2010.06),푸른저축은행,2010.09.28,연,00124805,20100712000343
5173,기  프라임상호저축은행,사업보고서 (2010.06),프라임상호저축은행,2010.09.28,,00121987,20100712000343
5174,기  애큐온저축은행,사업보고서 (2010.06),애큐온저축은행,2010.09.28,연,00111014,20100712000343
5175,기  토마토저축은행,사업보고서 (2010.06),토마토저축은행,2010.09.28,연,00173759,20100712000343
5176,기  조은저축은행,사업보고서 (2010.06),조은저축은행,2010.09.28,,00136095,20100712000343
5177,기  대백저축은행,사업보고서 (2010.06),대백저축은행,2010.09.28,,00110060,20100712000343
5178,기  코크렙제8호위탁관리부동산투자회사,사업보고서 (2010.06),코크렙제8호위탁관리부동산투자회사,2010.09.27,정,00560025,20100712000343
5179,기  영남저축은행,사업보고서 (2010.06),영남저축은행,2010.09.27,,00173166,20100712000343
5180,코  JYP Ent.,사업보고서 (2010.06),JYP Ent.,2010.09.20,정,00258689,20100712000343
5181,유  대유에이텍,[기재정정]사업보고서 (2009.12),대유에이텍,2010.09.14,,00149804,20100712000343
5182,코  이엔에프테크놀로지,[기재정정]사업보고서 (2009.12),이엔에프테크놀로지,2010.08.31,,00530185,20100712000343
5183,기  아시아퍼시픽13호선박투자회사,사업보고서 (2010.05),아시아퍼시픽13호선박투자회사,2010.08.30,연,00533757,20100712000343
5184,기  아시아퍼시픽10호선박투자회사,사업보고서 (2010.05),아시아퍼시픽10호선박투자회사,2010.08.30,연,00533580,20100712000343
5185,기  미래에셋제1호기업인수목적,사업보고서 (2010.06),미래에셋제1호기업인수목적,2010.08.27,,00798284,20100712000343
5186,기  미리넷,[기재정정]사업보고서 (2009.12),미리넷,2010.08.16,연,00361035,20100712000343
5187,코  태웅,[기재정정]사업보고서 (2009.12),태웅,2010.08.12,,00186799,20100712000343
5188,기  네오세미테크,[기재정정]사업보고서 (2009.12),네오세미테크,2010.08.05,연,00535588,20100712000343
5189,기  케이디지엠텍,[첨부정정]사업보고서 (2010.03),케이디지엠텍,2010.07.29,연,00183215,20100712000343
5190,기  아이엠라이프생명보험,사업보고서 (2010.03),아이엠라이프생명보험,2010.07.29,,00124063,20100712000343
5191,기  대한공인중개사정보통신,사업보고서 (2009.12),대한공인중개사정보통신,2010.07.28,,00443649,20100712000343
5192,기  중국식품포장유한공사,사업보고서 (2010.03),중국식품포장유한공사,2010.07.28,연,00694003,20100712000343
5193,기  네프로아이티,사업보고서 (2010.03),네프로아이티,2010.07.28,연,00687599,20100712000343
5194,기  테스텍,[기재정정]사업보고서 (2009.12),테스텍,2010.07.27,,00331760,20100712000343
5195,기  코크렙제7호위탁관리부동산투자회사,사업보고서 (2010.04),코크렙제7호위탁관리부동산투자회사,2010.07.26,,00543523,20100712000343
5196,유  대신증권,[기재정정]사업보고서 (2010.03),대신증권,2010.07.20,연,00110893,20100712000343
5197,코  에스씨디,[기재정정]사업보고서 (2009.12),에스씨디,2010.07.16,,00171867,20100712000343
5198,유  일양약품,[기재정정]사업보고서 (2010.03),일양약품,2010.07.14,연,00146454,20100712000343
5199,유  기신정기,[기재정정]사업보고서 (2010.03),기신정기,2010.07.13,연,00106614,20100712000343
5200,기  신일건업,[기재정정]사업보고서 (2009.12),신일건업,2010.07.12,,00136970,20100712000343
5201,유  DB금융투자,[첨부정정]사업보고서 (2010.03),DB금융투자,2010.07.08,연,00115694,20100625000270
5202,유  일동홀딩스,[기재정정]사업보고서 (2010.03),일동홀딩스,2010.07.01,연,00146083,20100625000270
5203,유  세아홀딩스,[첨부정정]사업보고서 (2009.12),세아홀딩스,2010.06.30,연,00377610,20100625000270
5204,기  퍼스트어메리칸권원보험,사업보고서 (2010.03),퍼스트어메리칸권원보험,2010.06.30,,00827443,20100625000270
5205,기  아이엠투자증권,사업보고서 (2010.03),아이엠투자증권,2010.06.30,,00149327,20100625000270
5206,기  메리츠증권,사업보고서 (2010.03),메리츠증권,2010.06.29,연,00163682,20100625000270
5207,기  한국스탠다드차타드증권,사업보고서 (2010.03),한국스탠다드차타드증권,2010.06.29,,00685704,20100625000270
5208,유  롯데손해보험,사업보고서 (2010.03),롯데손해보험,2010.06.29,,00113562,20100625000270
5209,유  교보증권,사업보고서 (2010.03),교보증권,2010.06.29,,00113359,20100625000270
5210,기  대우증권그린코리아기업인수목적회사,사업보고서 (2010.03),대우증권그린코리아기업인수목적회사,2010.06.29,,00797674,20100625000270
5211,유  삼성생명,사업보고서 (2010.03),삼성생명,2010.06.29,연,00126256,20100625000270
5212,유  한화생명,사업보고서 (2010.03),한화생명,2010.06.29,연,00113058,20100625000270
5213,기  에이플러스리얼티,사업보고서 (2010.03),에이플러스리얼티,2010.06.29,,00803869,20100625000270
5214,유  유진증권,사업보고서 (2010.03),유진증권,2010.06.29,연,00131054,20100625000270
5215,유  상상인증권,사업보고서 (2010.03),상상인증권,2010.06.29,연,00112059,20100625000270
5216,유  한국금융지주,사업보고서 (2010.03),한국금융지주,2010.06.29,연,00432102,20100625000270
5217,기  한국투자증권,사업보고서 (2010.03),한국투자증권,2010.06.29,연,00160144,20100625000270
5218,유  동원금속,[기재정정]사업보고서 (2010.03),동원금속,2010.06.29,연,00118008,20100625000270
5219,코  비츠로테크,사업보고서 (2010.03),비츠로테크,2010.06.29,,00103644,20100625000270
5220,기  우리종합금융,사업보고서 (2010.03),우리종합금융,2010.06.29,정,00104102,20100625000270
5221,유  유화증권,사업보고서 (2010.03),유화증권,2010.06.29,,00145190,20100625000270
5222,코  플루토스,사업보고서 (2010.03),플루토스,2010.06.29,,00110750,20100625000270
5223,유  삼성화재해상보험,사업보고서 (2010.03),삼성화재해상보험,2010.06.29,연,00139214,20100625000270
5224,유  현대해상,사업보고서 (2010.03),현대해상,2010.06.29,연,00164973,20100625000270
5225,유  현대차증권,사업보고서 (2010.03),현대차증권,2010.06.29,정,00137997,20100625000270
5226,유  한화투자증권,사업보고서 (2010.03),한화투자증권,2010.06.29,연,00148610,20100625000270
5227,기  산은캐피탈,사업보고서 (2010.03),산은캐피탈,2010.06.29,연,00260356,20100625000270
5228,기  덴소코리아,사업보고서 (2010.03),덴소코리아,2010.06.29,,00334244,20100625000270
5229,유  미래에셋생명,사업보고서 (2010.03),미래에셋생명,2010.06.29,연,00112332,20100625000270
5230,기  그린손해보험,사업보고서 (2010.03),그린손해보험,2010.06.29,연,00104971,20100625000270
5231,기  맥쿼리증권,사업보고서 (2010.03),맥쿼리증권,2010.06.29,,00586041,20100625000270
5232,기  케이디비생명보험,사업보고서 (2010.03),케이디비생명보험,2010.06.29,,00104069,20100625000270
5233,기  KB손해보험,사업보고서 (2010.03),KB손해보험,2010.06.29,연,00120216,20100625000270
5234,유  DB손해보험,사업보고서 (2010.03),DB손해보험,2010.06.29,연,00159102,20100625000270
5235,유  흥국화재,사업보고서 (2010.03),흥국화재,2010.06.29,,00103176,20100625000270
5236,유  한국주철관공업,사업보고서 (2010.03),한국주철관공업,2010.06.29,연,00159573,20100625000270
5237,기  케이알투자증권,사업보고서 (2010.03),케이알투자증권,2010.06.29,,00537559,20100625000270
5238,기  아이엠증권,사업보고서 (2010.03),아이엠증권,2010.06.29,연,00148665,20100625000270
5239,코  글로본  IR,사업보고서 (2010.03),글로본,2010.06.29,,00159731,20100625000270
5240,유  대신증권,사업보고서 (2010.03),대신증권,2010.06.29,정연,00110893,20100625000270
5241,코  메이슨캐피탈,사업보고서 (2010.03),메이슨캐피탈,2010.06.29,,00136101,20100625000270
5242,유  부국증권,사업보고서 (2010.03),부국증권,2010.06.29,연,00123772,20100625000270
5243,유  키움증권,사업보고서 (2010.03),키움증권,2010.06.29,연,00296290,20100625000270
5244,유  DB금융투자,사업보고서 (2010.03),DB금융투자,2010.06.29,정연,00115694,20100625000270
5245,기  케이디지엠텍,사업보고서 (2010.03),케이디지엠텍,2010.06.29,정연,00183215,20100625000270
5246,기  제너시스템즈,사업보고서 (2010.03),제너시스템즈,2010.06.29,,00453752,20100625000270
5247,기  케이비증권,사업보고서 (2010.03),케이비증권,2010.06.29,연,00164876,20100625000270
5248,유  신영증권,사업보고서 (2010.03),신영증권,2010.06.29,연,00136721,20100625000270
5249,코  LS증권,사업보고서 (2010.03),LS증권,2010.06.29,,00330424,20100625000270
5250,기  NH농협증권,사업보고서 (2010.03),NH농협증권,2010.06.29,,00116860,20100625000270
5251,유  기신정기,사업보고서 (2010.03),기신정기,2010.06.29,정연,00106614,20100625000270
5252,기  경향신문사,사업보고서 (2010.03),경향신문사,2010.06.29,,00102399,20100625000270
5253,기  하나증권,사업보고서 (2010.03),하나증권,2010.06.29,정,00113465,20100625000270
5254,기  대교홀딩스,사업보고서 (2010.03),대교홀딩스,2010.06.29,연,00366298,20100625000270
5255,코  바른손,사업보고서 (2010.03),바른손,2010.06.29,,00122205,20100625000270
5256,유  동양생명,사업보고서 (2010.03),동양생명,2010.06.29,연,00117267,20100625000270
5257,유  동원금속,사업보고서 (2010.03),동원금속,2010.06.29,정연,00118008,20100625000270
5258,유  SK증권,사업보고서 (2010.03),SK증권,2010.06.29,,00131850,20100625000270
5259,유  대웅,사업보고서 (2010.03),대웅,2010.06.29,연,00111810,20100625000270
5260,유  코리안리,사업보고서 (2010.03),코리안리,2010.06.29,연,00113191,20100625000270
5261,유  대웅제약,사업보고서 (2010.03),대웅제약,2010.06.29,,00427483,20100625000270
5262,기  도이치증권,사업보고서 (2010.03),도이치증권,2010.06.29,,00380766,20100625000270
5263,기  아이비케이투자증권,사업보고서 (2010.03),아이비케이투자증권,2010.06.29,,00684918,20100625000270
5264,기  하나에프앤아이,사업보고서 (2010.03),하나에프앤아이,2010.06.29,,00170442,20100625000270
5265,코  이씨에스,사업보고서 (2010.03),이씨에스,2010.06.29,,00400060,20100625000270
5266,기  완도전복,사업보고서 (2010.03),완도전복,2010.06.29,,00753573,20100625000270
5267,기  코크렙엔피에스제1호위탁관리부동산투자회사,사업보고서 (2010.03),코크렙엔피에스제1호위탁관리부동산투자회사,2010.06.29,,00586360,20100625000270
5268,기  한국증권금융,사업보고서 (2010.03),한국증권금융,2010.06.29,,00159643,20100625000270
5269,유  일동홀딩스,사업보고서 (2010.03),일동홀딩스,2010.06.29,정연,00146083,20100625000270
5270,유  대구백화점,사업보고서 (2010.03),대구백화점,2010.06.29,연,00108977,20100625000270
5271,기  씨티그룹글로벌마켓증권,사업보고서 (2010.03),씨티그룹글로벌마켓증권,2010.06.29,,00243508,20100625000270
5272,유  콜마홀딩스,사업보고서 (2010.03),콜마홀딩스,2010.06.29,,00203290,20100625000270
5273,유  오리엔트바이오,사업보고서 (2010.03),오리엔트바이오,2010.06.29,정연,00141626,20100625000270
5274,기  국제엘렉트릭코리아,사업보고서 (2010.03),국제엘렉트릭코리아,2010.06.29,연,00218052,20100625000270
5275,코  대신정보통신,사업보고서 (2010.03),대신정보통신,2010.06.29,,00110875,20100625000270
5276,기  부산방직공업,사업보고서 (2010.03),부산방직공업,2010.06.29,,00124018,20100625000270
5277,기  화인자산관리,사업보고서 (2010.03),화인자산관리,2010.06.29,,00156521,20100625000270
5278,기  화인파트너스,사업보고서 (2010.03),화인파트너스,2010.06.29,연,00104421,20100625000270
5279,코  3S,사업보고서 (2010.03),3S,2010.06.29,,00378363,20100625000270
5280,유  유유제약,사업보고서 (2010.03),유유제약,2010.06.29,,00144818,20100625000270
5281,유  에스엘,사업보고서 (2010.03),에스엘,2010.06.29,연,00125521,20100625000270
5282,코  화성밸브,사업보고서 (2010.03),화성밸브,2010.06.29,,00217743,20100625000270
5283,코  비츠로시스,사업보고서 (2010.03),비츠로시스,2010.06.29,,00201432,20100625000270
5284,유  한화손해보험,사업보고서 (2010.03),한화손해보험,2010.06.29,,00135917,20100625000270
5285,유  국제약품,사업보고서 (2010.03),국제약품,2010.06.29,,00104722,20100625000270
5286,기  메리츠화재해상보험,사업보고서 (2010.03),메리츠화재해상보험,2010.06.29,연,00117744,20100625000270
5287,기  토요타파이낸셜서비스코리아,사업보고서 (2010.03),토요타파이낸셜서비스코리아,2010.06.29,,00542001,20100625000270
5288,코  한국캐피탈,사업보고서 (2010.03),한국캐피탈,2010.06.29,,00149594,20100625000270
5289,기  미래에셋캐피탈,[기재정정]사업보고서 (2010.03),미래에셋캐피탈,2010.06.28,연,00251738,20100625000270
5290,기  동원엔터프라이즈,사업보고서 (2010.03),동원엔터프라이즈,2010.06.28,연,00360425,20100625000270
5291,기  미래에셋캐피탈,사업보고서 (2010.03),미래에셋캐피탈,2010.06.28,정연,00251738,20100625000270
5292,유  이화산업,사업보고서 (2010.03),이화산업,2010.06.28,연,00145686,20100625000270
5293,유  삼성증권,사업보고서 (2010.03),삼성증권,2010.06.28,연,00104856,20100625000270
5294,유  부광약품,사업보고서 (2010.03),부광약품,2010.06.28,,00123718,20100625000270
5295,유  다올투자증권,사업보고서 (2010.03),다올투자증권,2010.06.28,연,00156859,20100625000270
5296,유  일양약품,사업보고서 (2010.03),일양약품,2010.06.28,정연,00146454,20100625000270
5297,유  유안타증권,사업보고서 (2010.03),유안타증권,2010.06.25,연,00117601,20100625000270
5298,기  미래에셋증권,사업보고서 (2010.03),미래에셋증권,2010.06.25,연,00311030,20100625000270
5299,기  신한투자증권,사업보고서 (2010.03),신한투자증권,2010.06.25,연,00138321,20100625000270
5300,유  NH투자증권,사업보고서 (2010.03),NH투자증권,2010.06.25,연,00120182,20100625000270
5301,유  미래에셋증권  IR,사업보고서 (2010.03),미래에셋증권,2010.06.25,연,00111722,20100430000532
5302,유  한양증권,사업보고서 (2010.03),한양증권,2010.06.25,,00162416,20100430000532
5303,유  대동전자,사업보고서 (2010.03),대동전자,2010.06.23,연,00157104,20100430000532
5304,기  우리담배,사업보고서 (2009.12),우리담배,2010.06.17,,00596534,20100430000532
5305,코  비츠로셀,사업보고서 (2010.03),비츠로셀,2010.06.15,,00154718,20100430000532
5306,유  KR모터스,[기재정정]사업보고서 (2009.12),KR모터스,2010.06.11,연,00112378,20100430000532
5307,기  사이버씨브이에스,[기재정정]사업보고서 (2009.12),사이버씨브이에스,2010.06.09,,00403465,20100430000532
5308,기  에이스일렉트로닉스,사업보고서 (2009.12),에이스일렉트로닉스,2010.06.09,,00264556,20100430000532
5309,기  현대캐피탈,[기재정정]사업보고서 (2009.12),현대캐피탈,2010.06.04,,00208514,20100430000532
5310,코  에이텍,[기재정정]사업보고서 (2009.12),에이텍,2010.06.04,,00256502,20100430000532
5311,기  아시아퍼시픽9호선박투자회사,사업보고서 (2010.02),아시아퍼시픽9호선박투자회사,2010.05.31,연,00510914,20100430000532
5312,기  홈플러스,사업보고서 (2010.02),홈플러스,2010.05.28,연,00300061,20100430000532
5313,유  기아,[첨부정정]사업보고서 (2009.12),기아,2010.05.28,연,00106641,20100430000532
5314,유  금호석유화학,[기재정정]사업보고서 (2009.12),금호석유화학,2010.05.28,연,00106368,20100430000532
5315,기  태산엘시디,[첨부정정]사업보고서 (2009.12),태산엘시디,2010.05.27,연,00255840,20100430000532
5316,코  정원엔시스,[기재정정]사업보고서 (2009.12),정원엔시스,2010.05.26,,00147772,20100430000532
5317,기  엔스퍼트,[기재정정]사업보고서 (2009.12),엔스퍼트,2010.05.20,,00595243,20100430000532
5318,기  인천유나이티드  IR,[기재정정]사업보고서 (2009.12),인천유나이티드,2010.05.19,,00463582,20100430000532
5319,유  서울도시가스,[기재정정]사업보고서 (2009.12),서울도시가스,2010.05.19,연,00130684,20100430000532
5320,코  유진기업,[기재정정]사업보고서 (2009.12),유진기업,2010.05.18,연,00184667,20100430000532
5321,기  올리브나인,[기재정정]사업보고서 (2009.12),올리브나인,2010.05.17,,00362089,20100430000532
5322,유  금호타이어,[기재정정]사업보고서 (2009.12),금호타이어,2010.05.17,연,00481454,20100430000532
5323,유  금호타이어,[기재정정]사업보고서 (2009.12),금호타이어,2010.05.17,정연,00481454,20100430000532
5324,코  이원컴포텍,[첨부정정]사업보고서 (2009.12),이원컴포텍,2010.05.17,,00409140,20100430000532
5325,유  일진홀딩스,[첨부정정]사업보고서 (2009.12),일진홀딩스,2010.05.17,연,00146649,20100430000532
5326,코  미코,[첨부정정]사업보고서 (2009.12),미코,2010.05.17,연,00366942,20100430000532
5327,코  뷰웍스,[기재정정]사업보고서 (2009.12),뷰웍스,2010.05.17,,00609324,20100430000532
5328,코  새로닉스,[기재정정]사업보고서 (2009.12),새로닉스,2010.05.17,연,00147994,20100430000532
5329,코  케이피엠테크,[기재정정]사업보고서 (2009.12),케이피엠테크,2010.05.17,,00206686,20100430000532
5330,코  동일기연,[기재정정]사업보고서 (2009.12),동일기연,2010.05.17,,00199076,20100430000532
5331,코  JYP Ent.,[첨부정정]사업보고서 (2009.06),JYP Ent.,2010.05.14,,00258689,20100430000532
5332,유  동아쏘시오홀딩스,[첨부정정]사업보고서 (2009.12),동아쏘시오홀딩스,2010.05.14,연,00116824,20100430000532
5333,기  트레이스,[기재정정]사업보고서 (2009.12),트레이스,2010.05.14,,00348177,20100430000532
5334,기  에스브이에이치,[기재정정]사업보고서 (2009.12),에스브이에이치,2010.05.14,,00268358,20100430000532
5335,유  에이프로젠,[첨부정정]사업보고서 (2009.12),에이프로젠,2010.05.14,연,00152385,20100430000532
5336,코  대한뉴팜,[기재정정]사업보고서 (2009.12),대한뉴팜,2010.05.14,,00207375,20100430000532
5337,코  CMG제약  IR,[첨부정정]사업보고서 (2009.12),CMG제약,2010.05.14,,00380429,20100430000532
5338,코  국일제지,[첨부정정]사업보고서 (2009.12),국일제지,2010.05.14,연,00104573,20100430000532
5339,유  혜인,[첨부정정]사업보고서 (2009.12),혜인,2010.05.14,,00165343,20100430000532
5340,기  맥스브로,[기재정정]사업보고서 (2009.12),맥스브로,2010.05.14,연,00560991,20100430000532
5341,코  YW,[기재정정]사업보고서 (2009.12),YW,2010.05.14,,00296263,20100430000532
5342,유  쌍방울,[첨부정정]사업보고서 (2009.12),쌍방울,2010.05.13,연,00681142,20100430000532
5343,코  버킷스튜디오,[기재정정]사업보고서 (2009.12),버킷스튜디오,2010.05.13,,00378220,20100430000532
5344,코  에스코넥,[기재정정]사업보고서 (2009.12),에스코넥,2010.05.13,,00573269,20100430000532
5345,코  케이씨피드,[기재정정]사업보고서 (2009.12),케이씨피드,2010.05.13,,00101752,20100430000532
5346,코  SCI평가정보,[기재정정]사업보고서 (2009.12),SCI평가정보,2010.05.13,,00260745,20100430000532
5347,코  SCI평가정보,[첨부정정]사업보고서 (2009.12),SCI평가정보,2010.05.13,정,00260745,20100430000532
5348,기  메카포럼,[기재정정]사업보고서 (2009.12),메카포럼,2010.05.13,,00246383,20100430000532
5349,기  인천유나이티드  IR,[기재정정]사업보고서 (2009.12),인천유나이티드,2010.05.13,정,00463582,20100430000532
5350,유  코스맥스비티아이,[첨부정정]사업보고서 (2009.12),코스맥스비티아이,2010.05.12,연,00219574,20100430000532
5351,유  KG모빌리티,[기재정정]사업보고서 (2009.12),KG모빌리티,2010.05.12,연,00138242,20100430000532
5352,기  티맥스소프트,사업보고서 (2009.12),티맥스소프트,2010.05.12,,00340111,20100430000532
5353,코  에스피지  IR,[첨부정정]사업보고서 (2009.12),에스피지,2010.05.11,연,00220686,20100430000532
5354,코  세중,[기재정정]사업보고서 (2009.12),세중,2010.05.11,연,00264671,20100430000532
5355,기  평산차업집단유한공사,[기재정정]사업보고서 (2009.09),평산차업집단유한공사,2010.05.10,연,00599230,20100430000532
5356,유  화신,[기재정정]사업보고서 (2009.12),화신,2010.05.10,연,00166315,20100430000532
5357,유  티웨이홀딩스,[기재정정]사업보고서 (2009.12),티웨이홀딩스,2010.05.07,,00109514,20100430000532
5358,유  서울도시가스,[기재정정]사업보고서 (2009.12),서울도시가스,2010.05.07,정연,00130684,20100430000532
5359,코  에코볼트,[첨부정정]사업보고서 (2009.12),에코볼트,2010.05.07,연,00562360,20100430000532
5360,기  연합과기공고유한공사,[기재정정]사업보고서 (2009.12),연합과기공고유한공사,2010.05.06,연,00680161,20100430000532
5361,유  SK텔레콤,[기재정정]사업보고서 (2009.12),SK텔레콤,2010.05.04,연,00159023,20100430000532
5362,코  라온시큐어,[기재정정]사업보고서 (2009.12),라온시큐어,2010.05.04,,00255433,20100430000532
5363,유  제일연마,[첨부정정]사업보고서 (2009.12),제일연마,2010.05.04,연,00148461,20100430000532
5364,기  대국,[기재정정]사업보고서 (2009.12),대국,2010.05.04,,00264848,20100430000532
5365,유  대한제분,[첨부정정]사업보고서 (2009.12),대한제분,2010.05.03,연,00113243,20100430000532
5366,코  동국알앤에스,[기재정정]사업보고서 (2009.12),동국알앤에스,2010.05.03,,00472890,20100430000532
5367,코  휴맥스홀딩스,[첨부정정]사업보고서 (2009.12),휴맥스홀딩스,2010.05.03,연,00219440,20100430000532
5368,유  후성,[첨부정정]사업보고서 (2009.12),후성,2010.05.03,연,00595191,20100430000532
5369,기  스포츠서울,[첨부정정]사업보고서 (2009.12),스포츠서울,2010.05.03,연,00298687,20100430000532
5370,코  매커스,[기재정정]사업보고서 (2009.12),매커스,2010.05.03,,00596677,20100430000532
5371,유  전방,[첨부정정]사업보고서 (2009.12),전방,2010.05.03,연,00147222,20100430000532
5372,유  태영건설,[첨부정정]사업보고서 (2009.12),태영건설,2010.05.03,연,00153861,20100430000532
5373,기  제이웨이,[첨부정정]사업보고서 (2009.12),제이웨이,2010.05.03,연,00359474,20100430000532
5374,유  지누스  IR,사업보고서 (2009.12),지누스,2010.05.03,연,00150633,20100430000532
5375,기  씨엘엘씨디,[기재정정]사업보고서 (2009.12),씨엘엘씨디,2010.04.30,연,00259493,20100430000532
5376,기  신한,[기재정정]사업보고서 (2009.12),신한,2010.04.30,연,00173740,20100430000532
5377,유  인스코비  IR,[기재정정]사업보고서 (2009.12),인스코비,2010.04.30,,00122825,20100430000532
5378,기  엠씨티티코어,[기재정정]사업보고서 (2009.12),엠씨티티코어,2010.04.30,연,00262275,20100430000532
5379,기  연합과기공고유한공사,사업보고서 (2009.12),연합과기공고유한공사,2010.04.30,정연,00680161,20100430000532
5380,기  에피밸리,[기재정정]사업보고서 (2009.12),에피밸리,2010.04.30,,00301486,20100430000532
5381,기  케이비물산,사업보고서 (2010.01),케이비물산,2010.04.30,,00154189,20100430000532
5382,코  셀루메드,[기재정정]사업보고서 (2009.12),셀루메드,2010.04.30,,00310156,20100430000532
5383,기  미주제강,[기재정정]사업보고서 (2009.12),미주제강,2010.04.30,연,00115472,20100430000532
5384,기  미리넷,[기재정정]사업보고서 (2009.12),미리넷,2010.04.30,정연,00361035,20100430000532
5385,코  테라사이언스,[기재정정]사업보고서 (2009.12),테라사이언스,2010.04.30,연,00373021,20100430000532
5386,유  남선알미늄,[기재정정]사업보고서 (2009.12),남선알미늄,2010.04.30,연,00107224,20100430000532
5387,코  나노캠텍,[첨부정정]사업보고서 (2009.12),나노캠텍,2010.04.30,연,00542074,20100430000532
5388,기  폴리플러스,[기재정정]사업보고서 (2009.12),폴리플러스,2010.04.30,연,00245296,20100430000532
5389,코  동아화성,[첨부정정]사업보고서 (2009.12),동아화성,2010.04.30,연,00199988,20100430000532
5390,코  오상자이엘,[기재정정]사업보고서 (2009.12),오상자이엘,2010.04.30,연,00226547,20100430000532
5391,기  동양시멘트,[첨부정정]사업보고서 (2009.12),동양시멘트,2010.04.30,,00436074,20100430000532
5392,기  에스케이커뮤니케이션즈,[기재정정]사업보고서 (2009.12),에스케이커뮤니케이션즈,2010.04.30,연,00361725,20100430000532
5393,코  카스,[첨부정정]사업보고서 (2009.12),카스,2010.04.30,연,00152260,20100430000532
5394,유  아모레퍼시픽그룹,[기재정정]사업보고서 (2009.12),아모레퍼시픽그룹,2010.04.30,연,00154462,20100430000532
5395,유  쌍방울,[기재정정]사업보고서 (2009.12),쌍방울,2010.04.30,정연,00681142,20100430000532
5396,기  차이나하오란리사이클링유한공사,사업보고서 (2009.12),차이나하오란리사이클링유한공사,2010.04.30,연,00790121,20100430000532
5397,유  쌍방울,[첨부정정]사업보고서 (2008.12),쌍방울,2010.04.30,연,00681142,20100430000532
5398,코  한국선재,[기재정정]사업보고서 (2009.12),한국선재,2010.04.30,연,00158015,20100430000532
5399,기  현진소재,[기재정정]사업보고서 (2009.12),현진소재,2010.04.30,연,00188715,20100430000532
5400,코  차바이오텍  IR,[기재정정]사업보고서 (2009.12),차바이오텍,2010.04.30,연,00525679,20100430000532
5401,코  위닉스,[첨부정정]사업보고서 (2009.12),위닉스,2010.04.30,연,00293886,20100331003061
5402,유  동원시스템즈,[기재정정]사업보고서 (2009.12),동원시스템즈,2010.04.30,연,00132637,20100331003061
5403,코  코맥스,[기재정정]사업보고서 (2009.12),코맥스,2010.04.30,연,00268118,20100331003061
5404,기  엘앤피아너스,[기재정정]사업보고서 (2009.12),엘앤피아너스,2010.04.30,연,00298252,20100331003061
5405,코  선광,[기재정정]사업보고서 (2009.12),선광,2010.04.30,연,00131896,20100331003061
5406,기  아이알디,사업보고서 (2009.12),아이알디,2010.04.29,,00507257,20100331003061
5407,기  더스텔라,[기재정정]사업보고서 (2009.12),더스텔라,2010.04.29,연,00307037,20100331003061
5408,유  성창기업지주,[기재정정]사업보고서 (2009.12),성창기업지주,2010.04.29,연,00133335,20100331003061
5409,기  티브로드,[기재정정]사업보고서 (2009.12),티브로드,2010.04.29,,00413453,20100331003061
5410,유  동원수산,[기재정정]사업보고서 (2009.12),동원수산,2010.04.29,,00118044,20100331003061
5411,유  KG모빌리티,[기재정정]사업보고서 (2009.12),KG모빌리티,2010.04.29,정연,00138242,20100331003061
5412,기  피엘에이,[기재정정]사업보고서 (2009.12),피엘에이,2010.04.28,연,00496003,20100331003061
5413,코  기산텔레콤,[첨부정정]사업보고서 (2009.12),기산텔레콤,2010.04.28,연,00258421,20100331003061
5414,기  중국원양자원유한공사,사업보고서 (2009.12),중국원양자원유한공사,2010.04.28,연,00722500,20100331003061
5415,기  지앤디윈텍,[기재정정]사업보고서 (2009.12),지앤디윈텍,2010.04.27,,00335924,20100331003061
5416,기  보홍,[첨부정정]사업보고서 (2009.12),보홍,2010.04.27,,00269287,20100331003061
5417,기  위너지스,[기재정정]사업보고서 (2009.12),위너지스,2010.04.27,,00207223,20100331003061
5418,유  고려산업,[기재정정]사업보고서 (2009.12),고려산업,2010.04.27,,00102751,20100331003061
5419,유  고려산업,[기재정정]사업보고서 (2009.12),고려산업,2010.04.27,정,00102751,20100331003061
5420,코  코나아이,[첨부정정]사업보고서 (2009.12),코나아이,2010.04.27,,00349732,20100331003061
5421,코  팬스타엔터프라이즈,[기재정정]사업보고서 (2009.12),팬스타엔터프라이즈,2010.04.27,연,00339072,20100331003061
5422,코  지엔코,[기재정정]사업보고서 (2009.12),지엔코,2010.04.26,연,00258102,20100331003061
5423,기  차이나그레이트스타인터내셔널리미티드,사업보고서 (2009.12),차이나그레이트스타인터내셔널리미티드,2010.04.26,연,00695464,20100331003061
5424,코  대성창투,[기재정정]사업보고서 (2009.12),대성창투,2010.04.23,,00109037,20100331003061
5425,기  엘트온,사업보고서 (2009.12),엘트온,2010.04.23,,00140919,20100331003061
5426,기  한국씨티은행,[기재정정]사업보고서 (2009.12),한국씨티은행,2010.04.22,연,00161444,20100331003061
5427,코  버킷스튜디오,[기재정정]사업보고서 (2009.12),버킷스튜디오,2010.04.22,정,00378220,20100331003061
5428,기  더스텔라,[기재정정]사업보고서 (2009.12),더스텔라,2010.04.21,정연,00307037,20100331003061
5429,기  에스와이코퍼레이션,[기재정정]사업보고서 (2009.12),에스와이코퍼레이션,2010.04.21,,00126885,20100331003061
5430,기  콜마파마,[기재정정]사업보고서 (2009.12),콜마파마,2010.04.21,,00334615,20100331003061
5431,기  파브코,[기재정정]사업보고서 (2009.12),파브코,2010.04.21,,00679730,20100331003061
5432,기  3노드디지탈그룹유한공사,사업보고서 (2009.12),3노드디지탈그룹유한공사,2010.04.19,연,00630111,20100331003061
5433,기  엔도어즈,[기재정정]사업보고서 (2009.12),엔도어즈,2010.04.19,,00322461,20100331003061
5434,기  한림창업투자,[기재정정]사업보고서 (2009.12),한림창업투자,2010.04.19,,00161301,20100331003061
5435,유  금호석유화학,[기재정정]사업보고서 (2009.12),금호석유화학,2010.04.16,정연,00106368,20100331003061
5436,기  넥스트솔루션,사업보고서 (2009.12),넥스트솔루션,2010.04.16,,00261975,20100331003061
5437,기  케이피지엠,사업보고서 (2009.12),케이피지엠,2010.04.15,,00436676,20100331003061
5438,코  알에프세미,[기재정정]사업보고서 (2009.12),알에프세미,2010.04.15,,00516246,20100331003061
5439,기  브이오산업,[기재정정]사업보고서 (2009.12),브이오산업,2010.04.15,,00101947,20100331003061
5440,코  SGC E&C,[기재정정]사업보고서 (2008.12),SGC E&C,2010.04.14,연,00141246,20100331003061
5441,기  유미홀딩스,사업보고서 (2009.12),유미홀딩스,2010.04.14,,00384823,20100331003061
5442,코  CMG제약  IR,[기재정정]사업보고서 (2009.12),CMG제약,2010.04.13,정,00380429,20100331003061
5443,기  엠엔에프씨,[기재정정]사업보고서 (2009.12),엠엔에프씨,2010.04.13,연,00236368,20100331003061
5444,기  앤알커뮤니케이션,사업보고서 (2009.12),앤알커뮤니케이션,2010.04.13,,00475736,20100331003061
5445,기  에스칩스,사업보고서 (2009.12),에스칩스,2010.04.13,,00259378,20100331003061
5446,기  이루넷,[기재정정]사업보고서 (2009.12),이루넷,2010.04.13,,00257529,20100331003061
5447,기  올리브나인,[기재정정]사업보고서 (2009.12),올리브나인,2010.04.12,정,00362089,20100331003061
5448,기  영찬테크,사업보고서 (2009.12),영찬테크,2010.04.12,,00480905,20100331003061
5449,기  이루넷,사업보고서 (2009.12),이루넷,2010.04.12,정,00257529,20100331003061
5450,코  디모아,사업보고서 (2009.12),디모아,2010.04.09,,00125725,20100331003061
5451,기  넷피아,사업보고서 (2009.12),넷피아,2010.04.09,,00262336,20100331003061
5452,기  현대캐피탈아메리카,사업보고서 (2009.12),현대캐피탈아메리카,2010.04.09,연,00760500,20100331003061
5453,기  아구스,사업보고서 (2009.12),아구스,2010.04.08,,00537443,20100331003061
5454,기  코어비트,사업보고서 (2009.12),코어비트,2010.04.08,,00358095,20100331003061
5455,기  제이비우리캐피탈,[기재정정]사업보고서 (2009.12),제이비우리캐피탈,2010.04.08,연,00234971,20100331003061
5456,기  디자인스톰,사업보고서 (2009.12),디자인스톰,2010.04.08,,00316752,20100331003061
5457,기  티이씨,사업보고서 (2009.12),티이씨,2010.04.08,,00394574,20100331003061
5458,기  콜마파마,[첨부정정]사업보고서 (2009.12),콜마파마,2010.04.07,정,00334615,20100331003061
5459,기  태창기업,사업보고서 (2009.12),태창기업,2010.04.07,,00154204,20100331003061
5460,기  현대금속,사업보고서 (2009.12),현대금속,2010.04.07,,00174475,20100331003061
5461,기  디지텍시스템스,[기재정정]사업보고서 (2009.12),디지텍시스템스,2010.04.06,,00543231,20100331003061
5462,기  메카포럼,[기재정정]사업보고서 (2009.12),메카포럼,2010.04.06,정,00246383,20100331003061
5463,기  에스케이브로드밴드,[기재정정]사업보고서 (2009.12),에스케이브로드밴드,2010.04.06,연,00243988,20100331003061
5464,코  삼보모터스,[기재정정]사업보고서 (2009.12),삼보모터스,2010.04.05,,00351092,20100331003061
5465,코  잉크테크,[기재정정]사업보고서 (2009.12),잉크테크,2010.04.05,,00261656,20100331003061
5466,기  씨앤상선,사업보고서 (2009.12),씨앤상선,2010.04.05,,00134060,20100331003061
5467,코  오스템,[첨부정정]사업보고서 (2009.12),오스템,2010.04.05,연,00175173,20100331003061
5468,기  클루넷,[기재정정]사업보고서 (2009.12),클루넷,2010.04.05,,00419989,20100331003061
5469,코  푸드웰,[기재정정]사업보고서 (2009.12),푸드웰,2010.04.05,연,00165103,20100331003061
5470,기  쓰리디넷,[기재정정]사업보고서 (2009.12),쓰리디넷,2010.04.05,연,00223346,20100331003061
5471,코  코디,[기재정정]사업보고서 (2009.12),코디,2010.04.02,,00308559,20100331003061
5472,기  현대하이스코,[기재정정]사업보고서 (2009.12),현대하이스코,2010.04.02,연,00164469,20100331003061
5473,유  다우기술,[첨부정정]사업보고서 (2009.12),다우기술,2010.04.02,연,00176914,20100331003061
5474,코  멀티캠퍼스,[기재정정]사업보고서 (2009.12),멀티캠퍼스,2010.04.02,,00425351,20100331003061
5475,기  롯데아이티테크,사업보고서 (2009.12),롯데아이티테크,2010.04.02,,00256344,20100331003061
5476,유  엔씨소프트,[기재정정]사업보고서 (2009.12),엔씨소프트,2010.04.02,연,00261443,20100331003061
5477,기  에스마크,[첨부정정]사업보고서 (2009.12),에스마크,2010.04.02,,00100258,20100331003061
5478,기  마이크로사이언스테크  IR,사업보고서 (2009.12),마이크로사이언스테크,2010.04.02,,00262761,20100331003061
5479,기  에스피컴텍,사업보고서 (2009.12),에스피컴텍,2010.04.02,,00268181,20100331003061
5480,기  코웰이홀딩스유한공사,사업보고서 (2009.12),코웰이홀딩스유한공사,2010.04.01,연,00642648,20100331003061
5481,기  알바이오,[기재정정]사업보고서 (2009.12),알바이오,2010.04.01,,00112004,20100331003061
5482,유  두산,[기재정정]사업보고서 (2009.12),두산,2010.04.01,연,00117212,20100331003061
5483,유  한미글로벌,[기재정정]사업보고서 (2009.12),한미글로벌,2010.04.01,,00413523,20100331003061
5484,기  지엔텍홀딩스,[기재정정]사업보고서 (2009.12),지엔텍홀딩스,2010.04.01,,00210537,20100331003061
5485,기  온미디어,[기재정정]사업보고서 (2009.12),온미디어,2010.04.01,연,00369675,20100331003061
5486,기  다함이텍,[기재정정]사업보고서 (2009.12),다함이텍,2010.04.01,연,00130046,20100331003061
5487,기  지스마트글로벌,[기재정정]사업보고서 (2009.12),지스마트글로벌,2010.04.01,,00673976,20100331003061
5488,유  영흥,[기재정정]사업보고서 (2009.12),영흥,2010.04.01,,00141477,20100331003061
5489,유  JW중외제약,[기재정정]사업보고서 (2009.12),JW중외제약,2010.04.01,,00149947,20100331003061
5490,유  원림,[기재정정]사업보고서 (2009.12),원림,2010.04.01,연,00143794,20100331003061
5491,기  카리스소프트,사업보고서 (2009.12),카리스소프트,2010.04.01,,00137836,20100331003061
5492,기  에스지신성건설,[기재정정]사업보고서 (2009.12),에스지신성건설,2010.04.01,연,00173661,20100331003061
5493,기  금강제강,[기재정정]사업보고서 (2009.12),금강제강,2010.04.01,연,00579379,20100331003061
5494,기  코디콤,사업보고서 (2009.12),코디콤,2010.04.01,,00287724,20100331003061
5495,코  기산텔레콤,[기재정정]사업보고서 (2009.12),기산텔레콤,2010.04.01,정연,00258421,20100331003061
5496,기  창원컨트리클럽,[첨부정정]사업보고서 (2009.12),창원컨트리클럽,2010.04.01,,00455185,20100331003061
5497,유  대원강업,[기재정정]사업보고서 (2009.12),대원강업,2010.04.01,연,00111847,20100331003061
5498,기  토자이홀딩스,[첨부정정]사업보고서 (2009.12),토자이홀딩스,2010.04.01,,00265263,20100331003061
5499,유  한세실업  IR,[기재정정]사업보고서 (2009.12),한세실업,2010.04.01,연,00728638,20100331003061
5500,유  지역난방공사,사업보고서 (2009.12),지역난방공사,2010.03.31,연,00159698,20100331003061
5501,코  아주IB투자,사업보고서 (2009.12),아주IB투자,2010.03.31,,00156895,20100331002845
5502,유  영흥,사업보고서 (2009.12),영흥,2010.03.31,정,00141477,20100331002845
5503,코  하이소닉,사업보고서 (2009.12),하이소닉,2010.03.31,,00542898,20100331002845
5504,기  삼성에스엔에스,사업보고서 (2009.12),삼성에스엔에스,2010.03.31,,00207728,20100331002845
5505,기  아진카인텍,[기재정정]사업보고서 (2009.12),아진카인텍,2010.03.31,,00173069,20100331002845
5506,기  아이레보,사업보고서 (2009.12),아이레보,2010.03.31,,00451116,20100331002845
5507,코  서울옥션,사업보고서 (2009.12),서울옥션,2010.03.31,,00410915,20100331002845
5508,기  나이스메탈,사업보고서 (2009.12),나이스메탈,2010.03.31,,00408585,20100331002845
5509,기  아진카인텍,[기재정정]사업보고서 (2009.12),아진카인텍,2010.03.31,정,00173069,20100331002845
5510,기  일공공일안경콘택트,사업보고서 (2009.12),일공공일안경콘택트,2010.03.31,,00107358,20100331002845
5511,기  엑스로드,사업보고서 (2009.12),엑스로드,2010.03.31,,00463050,20100331002845
5512,기  디에이치패션,사업보고서 (2009.12),디에이치패션,2010.03.31,연,00264981,20100331002845
5513,기  에스컴,[첨부정정]사업보고서 (2009.12),에스컴,2010.03.31,,00125929,20100331002845
5514,기  엘지씨엔에스,[기재정정]사업보고서 (2009.12),엘지씨엔에스,2010.03.31,,00139834,20100331002845
5515,기  한국스탠다드차타드금융지주,[첨부정정]사업보고서 (2009.12),한국스탠다드차타드금융지주,2010.03.31,연,00776486,20100331002845
5516,기  피엔에스커튼월,사업보고서 (2009.12),피엔에스커튼월,2010.03.31,,00107303,20100331002845
5517,기  고제,사업보고서 (2009.12),고제,2010.03.31,,00103325,20100331002845
5518,코  멀티캠퍼스,사업보고서 (2009.12),멀티캠퍼스,2010.03.31,정,00425351,20100331002845
5519,기  제로원인터랙티브,사업보고서 (2009.12),제로원인터랙티브,2010.03.31,,00428792,20100331002845
5520,기  농업회사법인속리산유통,사업보고서 (2009.12),농업회사법인속리산유통,2010.03.31,,00697949,20100331002845
5521,기  바이오하이테크,사업보고서 (2009.12),바이오하이테크,2010.03.31,,00542719,20100331002845
5522,기  테크밸리,사업보고서 (2009.12),테크밸리,2010.03.31,,00263423,20100331002845
5523,코  코디,사업보고서 (2009.12),코디,2010.03.31,정,00308559,20100331002845
5524,기  지스마트글로벌,사업보고서 (2009.12),지스마트글로벌,2010.03.31,정,00673976,20100331002845
5525,기  현대파워텍,[기재정정]사업보고서 (2009.12),현대파워텍,2010.03.31,연,00376602,20100331002845
5526,기  웅진식품,사업보고서 (2009.12),웅진식품,2010.03.31,,00143642,20100331002845
5527,기  지엔텍홀딩스,사업보고서 (2009.12),지엔텍홀딩스,2010.03.31,정,00210537,20100331002845
5528,코  서한,사업보고서 (2009.12),서한,2010.03.31,정,00131504,20100331002845
5529,기  두산캐피탈,[첨부정정]사업보고서 (2009.12),두산캐피탈,2010.03.31,연,00224691,20100331002845
5530,기  경남모직,사업보고서 (2009.12),경남모직,2010.03.31,연,00101275,20100331002845
5531,기  신영씨앤디,사업보고서 (2009.12),신영씨앤디,2010.03.31,,00172778,20100331002845
5532,기  두산캐피탈,[첨부정정]사업보고서 (2009.12),두산캐피탈,2010.03.31,정연,00224691,20100331002845
5533,기  올리브나인,사업보고서 (2009.12),올리브나인,2010.03.31,정,00362089,20100331002845
5534,기  씨엘엘씨디,사업보고서 (2009.12),씨엘엘씨디,2010.03.31,정연,00259493,20100331002845
5535,유  현대건설,사업보고서 (2009.12),현대건설,2010.03.31,연,00164478,20100331002845
5536,기  테이크시스템즈,사업보고서 (2009.12),테이크시스템즈,2010.03.31,,00475532,20100331002845
5537,기  농업회사법인합천유통,사업보고서 (2009.12),농업회사법인합천유통,2010.03.31,,00777953,20100331002845
5538,기  네오세미테크,사업보고서 (2009.12),네오세미테크,2010.03.31,정연,00535588,20100331002845
5539,유  한진,[기재정정]사업보고서 (2009.12),한진,2010.03.31,연,00163512,20100331002845
5540,기  이랜드월드,사업보고서 (2009.12),이랜드월드,2010.03.31,연,00207108,20100331002845
5541,기  창원컨트리클럽,사업보고서 (2009.12),창원컨트리클럽,2010.03.31,정,00455185,20100331002845
5542,기  씨앤중공업,사업보고서 (2009.12),씨앤중공업,2010.03.31,,00150226,20100331002845
5543,코  세원물산,사업보고서 (2009.12),세원물산,2010.03.31,,00173591,20100331002845
5544,유  제주은행,사업보고서 (2009.12),제주은행,2010.03.31,연,00148832,20100331002845
5545,유  고려아연,[기재정정]사업보고서 (2009.12),고려아연,2010.03.31,연,00102858,20100331002845
5546,유  금호석유화학,[기재정정]사업보고서 (2009.12),금호석유화학,2010.03.31,정연,00106368,20100331002845
5547,코  유성티엔에스,사업보고서 (2009.12),유성티엔에스,2010.03.31,,00173999,20100331002845
5548,코  대성창투,[기재정정]사업보고서 (2009.12),대성창투,2010.03.31,정,00109037,20100331002845
5549,기  아진카인텍,사업보고서 (2009.12),아진카인텍,2010.03.31,정,00173069,20100331002845
5550,기  글로포스트,사업보고서 (2009.12),글로포스트,2010.03.31,,00261188,20100331002845
5551,기  하이스마텍,사업보고서 (2009.12),하이스마텍,2010.03.31,,00350057,20100331002845
5552,기  카카오엠,사업보고서 (2009.12),카카오엠,2010.03.31,,00130949,20100331002845
5553,기  삼성디지털이미징,사업보고서 (2009.12),삼성디지털이미징,2010.03.31,연,00721981,20100331002845
5554,유  티웨이홀딩스,사업보고서 (2009.12),티웨이홀딩스,2010.03.31,정,00109514,20100331002845
5555,유  금호타이어,사업보고서 (2009.12),금호타이어,2010.03.31,정연,00481454,20100331002845
5556,기  에듀아크,사업보고서 (2009.12),에듀아크,2010.03.31,,00250775,20100331002845
5557,코  서희건설,사업보고서 (2009.12),서희건설,2010.03.31,연,00219848,20100331002845
5558,기  이수,사업보고서 (2009.12),이수,2010.03.31,연,00461618,20100331002845
5559,기  씨앤케이인터내셔널,[기재정정]사업보고서 (2009.12),씨앤케이인터내셔널,2010.03.31,,00252755,20100331002845
5560,기  넥스피안,사업보고서 (2009.12),넥스피안,2010.03.31,연,00481223,20100331002845
5561,유  동부건설,[기재정정]사업보고서 (2009.12),동부건설,2010.03.31,연,00115612,20100331002845
5562,기  하이디인베스트먼트,사업보고서 (2009.12),하이디인베스트먼트,2010.03.31,,00575258,20100331002845
5563,유  삼화전자공업,사업보고서 (2009.12),삼화전자공업,2010.03.31,연,00129280,20100331002845
5564,기  희훈디앤지,사업보고서 (2009.12),희훈디앤지,2010.03.31,,00167378,20100331002845
5565,기  세종,사업보고서 (2009.12),세종,2010.03.31,,00234865,20100331002845
5566,코  솔본,사업보고서 (2009.12),솔본,2010.03.31,연,00249982,20100331002845
5567,유  현대자동차,사업보고서 (2009.12),현대자동차,2010.03.31,연,00164742,20100331002845
5568,유  휴니드테크놀러지스,사업보고서 (2009.12),휴니드테크놀러지스,2010.03.31,,00111421,20100331002845
5569,유  세아홀딩스,사업보고서 (2009.12),세아홀딩스,2010.03.31,정연,00377610,20100331002845
5570,코  이오테크닉스,사업보고서 (2009.12),이오테크닉스,2010.03.31,연,00246417,20100331002845
5571,기  엑큐리스,사업보고서 (2009.12),엑큐리스,2010.03.31,,00275260,20100331002845
5572,기  코리아세븐,사업보고서 (2009.12),코리아세븐,2010.03.31,,00186513,20100331002845
5573,유  메타케어,사업보고서 (2009.12),메타케어,2010.03.31,,00791209,20100331002845
5574,기  삼보오토,사업보고서 (2009.12),삼보오토,2010.03.31,,00430089,20100331002845
5575,유  CJ,사업보고서 (2009.12),CJ,2010.03.31,연,00148540,20100331002845
5576,기  서광건설산업,사업보고서 (2009.12),서광건설산업,2010.03.31,,00173397,20100331002845
5577,기  에이치원바이오,사업보고서 (2009.12),에이치원바이오,2010.03.31,,00347363,20100331002845
5578,기  토자이홀딩스,사업보고서 (2009.12),토자이홀딩스,2010.03.31,정,00265263,20100331002845
5579,유  STX,사업보고서 (2009.12),STX,2010.03.31,연,00138297,20100331002845
5580,유  대한전선,사업보고서 (2009.12),대한전선,2010.03.31,연,00113207,20100331002845
5581,코  이엠텍,사업보고서 (2009.12),이엠텍,2010.03.31,,00541163,20100331002845
5582,코  상지건설  IR,사업보고서 (2009.12),상지건설,2010.03.31,연,00232007,20100331002845
5583,기  제이에스전선,사업보고서 (2009.12),제이에스전선,2010.03.31,,00140362,20100331002845
5584,유  HJ중공업,[첨부정정]사업보고서 (2009.12),HJ중공업,2010.03.31,연,00633835,20100331002845
5585,기  롯데푸드,사업보고서 (2009.12),롯데푸드,2010.03.31,연,00120508,20100331002845
5586,기  엔에이치농협캐피탈,사업보고서 (2009.12),엔에이치농협캐피탈,2010.03.31,,00673523,20100331002845
5587,기  씽크풀,사업보고서 (2009.12),씽크풀,2010.03.31,,00355380,20100331002845
5588,유  인스코비  IR,사업보고서 (2009.12),인스코비,2010.03.31,정,00122825,20100331002845
5589,기  삼성물산,사업보고서 (2009.12),삼성물산,2010.03.31,연,00126229,20100331002845
5590,기  바둑텔레비전,사업보고서 (2009.12),바둑텔레비전,2010.03.31,,00204828,20100331002845
5591,기  렉스엘이앤지,사업보고서 (2009.12),렉스엘이앤지,2010.03.31,연,00106492,20100331002845
5592,유  인지컨트롤스,사업보고서 (2009.12),인지컨트롤스,2010.03.31,연,00103510,20100331002845
5593,유  팜젠사이언스,사업보고서 (2009.12),팜젠사이언스,2010.03.31,,00135050,20100331002845
5594,기  스튜디오에스,사업보고서 (2009.12),스튜디오에스,2010.03.31,,00280688,20100331002845
5595,기  한국테크놀로지  IR,사업보고서 (2009.12),한국테크놀로지,2010.03.31,연,00355548,20100331002845
5596,기  두산캐피탈,사업보고서 (2009.12),두산캐피탈,2010.03.31,정연,00224691,20100331002845
5597,기  쓰리디넷,사업보고서 (2009.12),쓰리디넷,2010.03.31,정연,00223346,20100331002845
5598,기  대우송도개발,사업보고서 (2009.12),대우송도개발,2010.03.31,연,00161028,20100331002845
5599,유  한화  IR,사업보고서 (2009.12),한화,2010.03.31,연,00160588,20100331002845
5600,유  신성이엔지,[기재정정]사업보고서 (2009.12),신성이엔지,2010.03.31,연,00136271,20100331002845
5601,기  한국통신데이타,사업보고서 (2009.12),한국통신데이타,2010.03.31,,00347619,20100331002589
5602,기  퓨쳐인포넷,사업보고서 (2009.12),퓨쳐인포넷,2010.03.31,연,00225210,20100331002589
5603,코  네오티스,[기재정정]사업보고서 (2009.12),네오티스,2010.03.31,,00447928,20100331002589
5604,코  KD,사업보고서 (2009.12),KD,2010.03.31,정,00111218,20100331002589
5605,코  코나아이,사업보고서 (2009.12),코나아이,2010.03.31,정,00349732,20100331002589
5606,코  이노와이어리스,사업보고서 (2009.12),이노와이어리스,2010.03.31,,00462121,20100331002589
5607,기  지앤에스티,사업보고서 (2009.12),지앤에스티,2010.03.31,,00240088,20100331002589
5608,기  에스컴,사업보고서 (2009.12),에스컴,2010.03.31,정,00125929,20100331002589
5609,기  중앙일보,사업보고서 (2009.12),중앙일보,2010.03.31,연,00149813,20100331002589
5610,유  신한지주,사업보고서 (2009.12),신한지주,2010.03.31,정연,00382199,20100331002589
5611,코  대성창투,사업보고서 (2009.12),대성창투,2010.03.31,정,00109037,20100331002589
5612,기  비엠더블유파이낸셜서비스코리아,사업보고서 (2009.12),비엠더블유파이낸셜서비스코리아,2010.03.31,,00414300,20100331002589
5613,기  한국제지,사업보고서 (2009.12),한국제지,2010.03.31,연,00159412,20100331002589
5614,기  젬리소스,사업보고서 (2009.12),젬리소스,2010.03.31,,00268321,20100331002589
5615,기  아인스엠앤엠,사업보고서 (2009.12),아인스엠앤엠,2010.03.31,연,00262682,20100331002589
5616,유  롯데지주  IR,사업보고서 (2009.12),롯데지주,2010.03.31,연,00120562,20100331002589
5617,기  에코페트로시스템,사업보고서 (2009.12),에코페트로시스템,2010.03.31,,00268297,20100331002589
5618,기  매일방송,사업보고서 (2009.12),매일방송,2010.03.31,,00199030,20100331002589
5619,코  정원엔시스,사업보고서 (2009.12),정원엔시스,2010.03.31,정,00147772,20100331002589
5620,유  롯데케미칼  IR,사업보고서 (2009.12),롯데케미칼,2010.03.31,연,00165413,20100331002589
5621,기  현대파워텍,사업보고서 (2009.12),현대파워텍,2010.03.31,정연,00376602,20100331002589
5622,유  인바이오젠,사업보고서 (2009.12),인바이오젠,2010.03.31,,00652423,20100331002589
5623,기  알덱스,사업보고서 (2009.12),알덱스,2010.03.31,연,00114215,20100331002589
5624,코  휴림에이텍,사업보고서 (2009.12),휴림에이텍,2010.03.31,연,00230814,20100331002589
5625,코  해성산업,사업보고서 (2009.12),해성산업,2010.03.31,,00219361,20100331002589
5626,기  아발론교육,사업보고서 (2009.12),아발론교육,2010.03.31,,00666383,20100331002589
5627,유  고려아연,사업보고서 (2009.12),고려아연,2010.03.31,정연,00102858,20100331002589
5628,코  동국알앤에스,사업보고서 (2009.12),동국알앤에스,2010.03.31,정,00472890,20100331002589
5629,기  코리아닷컴커뮤니케이션즈,사업보고서 (2009.12),코리아닷컴커뮤니케이션즈,2010.03.31,,00378442,20100331002589
5630,기  국제개발,사업보고서 (2009.12),국제개발,2010.03.31,,00508566,20100331002589
5631,기  유퍼트,사업보고서 (2009.12),유퍼트,2010.03.31,,00299686,20100331002589
5632,기  허메스홀딩스,사업보고서 (2009.12),허메스홀딩스,2010.03.31,,00153551,20100331002589
5633,유  효성,[기재정정]사업보고서 (2009.12),효성,2010.03.31,연,00117188,20100331002589
5634,기  드림라인,사업보고서 (2009.12),드림라인,2010.03.31,,00249034,20100331002589
5635,유  유수홀딩스,사업보고서 (2009.12),유수홀딩스,2010.03.31,연,00163691,20100331002589
5636,기  평안물산,사업보고서 (2009.12),평안물산,2010.03.31,,00260693,20100331002589
5637,유  SK,사업보고서 (2009.12),SK,2010.03.31,연,00181712,20100331002589
5638,기  케이조선,사업보고서 (2009.12),케이조선,2010.03.31,연,00109453,20100331002589
5639,유  한화에어로스페이스,사업보고서 (2009.12),한화에어로스페이스,2010.03.31,연,00126566,20100331002589
5640,코  아이톡시,사업보고서 (2009.12),아이톡시,2010.03.31,,00346911,20100331002589
5641,코  시너지이노베이션  IR,사업보고서 (2009.12),시너지이노베이션,2010.03.31,연,00475985,20100331002589
5642,유  케이비아이동국실업,사업보고서 (2009.12),케이비아이동국실업,2010.03.31,연,00114765,20100331002589
5643,기  우리금융캐피탈,사업보고서 (2009.12),우리금융캐피탈,2010.03.31,연,00209443,20100331002589
5644,기  테스텍,사업보고서 (2009.12),테스텍,2010.03.31,정,00331760,20100331002589
5645,유  서연,사업보고서 (2009.12),서연,2010.03.31,연,00163114,20100331002589
5646,유  두산에너빌리티,사업보고서 (2009.12),두산에너빌리티,2010.03.31,연,00159616,20100331002589
5647,유  에스원,사업보고서 (2009.12),에스원,2010.03.31,연,00158501,20100331002589
5648,기  평산,사업보고서 (2009.12),평산,2010.03.31,연,00220181,20100331002589
5649,기  사이노젠,사업보고서 (2009.12),사이노젠,2010.03.31,,00367376,20100331002589
5650,유  NAVER  IR,사업보고서 (2009.12),NAVER,2010.03.31,연,00266961,20100331002589
5651,유  기아,사업보고서 (2009.12),기아,2010.03.31,정연,00106641,20100331002589
5652,유  두산,사업보고서 (2009.12),두산,2010.03.31,정연,00117212,20100331002589
5653,유  쌍방울,사업보고서 (2009.12),쌍방울,2010.03.31,정연,00681142,20100331002589
5654,기  국제건설,사업보고서 (2009.12),국제건설,2010.03.31,,00788241,20100331002589
5655,코  탑엔지니어링,사업보고서 (2009.12),탑엔지니어링,2010.03.31,,00366845,20100331002589
5656,기  쌍용씨앤이,사업보고서 (2009.12),쌍용씨앤이,2010.03.31,정연,00138224,20100331002589
5657,기  드림위즈,사업보고서 (2009.12),드림위즈,2010.03.31,,00336288,20100331002589
5658,코  더라미,사업보고서 (2009.12),더라미,2010.03.31,,00205687,20100331002589
5659,유  한진,사업보고서 (2009.12),한진,2010.03.31,정연,00163512,20100331002589
5660,기  지아이바이오,사업보고서 (2009.12),지아이바이오,2010.03.31,,00259439,20100331002589
5661,기  트라이써클,[기재정정]사업보고서 (2009.12),트라이써클,2010.03.31,,00251482,20100331002589
5662,기  한화호텔앤드리조트,사업보고서 (2009.12),한화호텔앤드리조트,2010.03.31,,00254948,20100331002589
5663,유  금호석유화학,사업보고서 (2009.12),금호석유화학,2010.03.31,정연,00106368,20100331002589
5664,코  드림어스컴퍼니,사업보고서 (2009.12),드림어스컴퍼니,2010.03.31,연,00364467,20100331002589
5665,코  THE E&M,사업보고서 (2009.12),THE E&M,2010.03.31,,00519252,20100331002589
5666,코  포스코엠텍,사업보고서 (2009.12),포스코엠텍,2010.03.31,,00128111,20100331002589
5667,기  샤인시스템,사업보고서 (2009.12),샤인시스템,2010.03.31,,00224567,20100331002589
5668,유  파라다이스  IR,사업보고서 (2009.12),파라다이스,2010.03.31,연,00171265,20100331002589
5669,기  에스케이머티리얼즈,사업보고서 (2009.12),에스케이머티리얼즈,2010.03.31,,00110051,20100331002589
5670,기  중앙바이오텍,사업보고서 (2009.12),중앙바이오텍,2010.03.31,,00149877,20100331002589
5671,코  지니뮤직  IR,사업보고서 (2009.12),지니뮤직,2010.03.31,연,00223762,20100331002589
5672,기  케이엔씨글로벌,사업보고서 (2009.12),케이엔씨글로벌,2010.03.31,,00394778,20100331002589
5673,유  케이씨  IR,사업보고서 (2009.12),케이씨,2010.03.31,연,00209780,20100331002589
5674,코  위지트,사업보고서 (2009.12),위지트,2010.03.31,,00258360,20100331002589
5675,유  아시아나항공,사업보고서 (2009.12),아시아나항공,2010.03.31,연,00138792,20100331002589
5676,기  에이스하이텍,사업보고서 (2009.12),에이스하이텍,2010.03.31,,00183260,20100331002589
5677,기  바이나믹,사업보고서 (2009.12),바이나믹,2010.03.31,,00417963,20100331002589
5678,기  오케이캐피탈,[기재정정]사업보고서 (2009.12),오케이캐피탈,2010.03.31,,00148434,20100331002589
5679,코  웹케시,[기재정정]사업보고서 (2009.12),웹케시,2010.03.31,,00323868,20100331002589
5680,코  제이스코홀딩스,사업보고서 (2009.12),제이스코홀딩스,2010.03.31,,00148531,20100331002589
5681,기  한화건설,사업보고서 (2009.12),한화건설,2010.03.31,,00424529,20100331002589
5682,기  아이스테이션,사업보고서 (2009.12),아이스테이션,2010.03.31,,00386557,20100331002589
5683,유  세방,사업보고서 (2009.12),세방,2010.03.31,연,00133812,20100331002589
5684,유  제주항공  IR,사업보고서 (2009.12),제주항공,2010.03.31,,00555874,20100331002589
5685,기  삼양제넥스,[기재정정]사업보고서 (2009.12),삼양제넥스,2010.03.31,연,00132105,20100331002589
5686,기  렉스필드컨트리클럽,사업보고서 (2009.12),렉스필드컨트리클럽,2010.03.31,,00476939,20100331002589
5687,유  웰바이오텍  IR,사업보고서 (2009.12),웰바이오텍,2010.03.31,연,00141273,20100331002589
5688,기  부산롯데호텔,사업보고서 (2009.12),부산롯데호텔,2010.03.31,,00124212,20100331002589
5689,유  SIMPAC,사업보고서 (2009.12),SIMPAC,2010.03.31,연,00138260,20100331002589
5690,코  세동,사업보고서 (2009.12),세동,2010.03.31,연,00133663,20100331002589
5691,기  태산엘시디,사업보고서 (2009.12),태산엘시디,2010.03.31,정연,00255840,20100331002589
5692,유  삼성제약,사업보고서 (2009.12),삼성제약,2010.03.31,,00126414,20100331002589
5693,유  동성제약,사업보고서 (2009.12),동성제약,2010.03.31,,00116268,20100331002589
5694,유  한신기계공업,[기재정정]사업보고서 (2009.12),한신기계공업,2010.03.31,,00162072,20100331002589
5695,기  미리넷,[기재정정]사업보고서 (2009.12),미리넷,2010.03.31,정연,00361035,20100331002589
5696,코  이엘씨,사업보고서 (2009.12),이엘씨,2010.03.31,연,00137289,20100331002589
5697,기  엔하이테크,사업보고서 (2009.12),엔하이테크,2010.03.31,,00334767,20100331002589
5698,기  롯데글로벌로지스,사업보고서 (2009.12),롯데글로벌로지스,2010.03.31,,00207676,20100331002589
5699,기  에이스디지텍,사업보고서 (2009.12),에이스디지텍,2010.03.31,,00221320,20100331002589
5700,유  SK이노베이션,사업보고서 (2009.12),SK이노베이션,2010.03.31,연,00631518,20100331002589
5701,코  오로라,사업보고서 (2009.12),오로라,2010.03.31,연,00141556,20100331002344
5702,유  현대모비스,사업보고서 (2009.12),현대모비스,2010.03.31,연,00164788,20100331002344
5703,기  유아이에너지,사업보고서 (2009.12),유아이에너지,2010.03.31,,00262123,20100331002344
5704,기  에이치비이에너지,사업보고서 (2009.12),에이치비이에너지,2010.03.31,,00152631,20100331002344
5705,기  쎄라텍,사업보고서 (2009.12),쎄라텍,2010.03.31,,00138376,20100331002344
5706,유  KTcs,사업보고서 (2009.12),KTcs,2010.03.31,,00372882,20100331002344
5707,기  무한투자,사업보고서 (2009.12),무한투자,2010.03.31,,00240398,20100331002344
5708,유  노루홀딩스,사업보고서 (2009.12),노루홀딩스,2010.03.31,연,00113508,20100331002344
5709,기  비엔씨컴퍼니,사업보고서 (2009.12),비엔씨컴퍼니,2010.03.31,,00372989,20100331002344
5710,기  동양시멘트,사업보고서 (2009.12),동양시멘트,2010.03.31,정,00436074,20100331002344
5711,유  KG케미칼,[기재정정]사업보고서 (2009.12),KG케미칼,2010.03.31,연,00101220,20100331002344
5712,기  셀런,사업보고서 (2009.12),셀런,2010.03.31,연,00134051,20100331002344
5713,기  대성합동지주,사업보고서 (2009.12),대성합동지주,2010.03.31,연,00110495,20100331002344
5714,유  코오롱,사업보고서 (2009.12),코오롱,2010.03.31,연,00152862,20100331002344
5715,유  코스모신소재,사업보고서 (2009.12),코스모신소재,2010.03.31,,00129989,20100331002344
5716,기  뉴젠아이씨티,사업보고서 (2009.12),뉴젠아이씨티,2010.03.31,,00350118,20100331002344
5717,기  디패션,사업보고서 (2009.12),디패션,2010.03.31,,00228916,20100331002344
5718,코  일신바이오,사업보고서 (2009.12),일신바이오,2010.03.31,,00385415,20100331002344
5719,기  한일건설,사업보고서 (2009.12),한일건설,2010.03.31,연,00162780,20100331002344
5720,유  일진홀딩스,사업보고서 (2009.12),일진홀딩스,2010.03.31,정연,00146649,20100331002344
5721,유  하나금융지주,사업보고서 (2009.12),하나금융지주,2010.03.31,연,00547583,20100331002344
5722,기  씨제이건설,사업보고서 (2009.12),씨제이건설,2010.03.31,,00222550,20100331002344
5723,기  디지털퓨전,사업보고서 (2009.12),디지털퓨전,2010.03.31,,00243322,20100331002344
5724,기  대국,사업보고서 (2009.12),대국,2010.03.31,정,00264848,20100331002344
5725,유  평화홀딩스,사업보고서 (2009.12),평화홀딩스,2010.03.31,연,00155124,20100331002344
5726,기  아이팩토리,사업보고서 (2009.12),아이팩토리,2010.03.31,연,00351047,20100331002344
5727,유  한화엔진,사업보고서 (2009.12),한화엔진,2010.03.31,,00361008,20100331002344
5728,유  현대로템,사업보고서 (2009.12),현대로템,2010.03.31,연,00302926,20100331002344
5729,코  와토스코리아,사업보고서 (2009.12),와토스코리아,2010.03.31,,00455875,20100331002344
5730,유  롯데칠성음료  IR,사업보고서 (2009.12),롯데칠성음료,2010.03.31,연,00120571,20100331002344
5731,기  엘에스엠트론,사업보고서 (2009.12),엘에스엠트론,2010.03.31,,00683627,20100331002344
5732,코  피노,사업보고서 (2009.12),피노,2010.03.31,,00276083,20100331002344
5733,유  팬오션,사업보고서 (2009.12),팬오션,2010.03.31,연,00122737,20100331002344
5734,기  세왕,사업보고서 (2009.12),세왕,2010.03.31,,00609254,20100331002344
5735,유  현대엘리베이터,사업보고서 (2009.12),현대엘리베이터,2010.03.31,연,00164724,20100331002344
5736,기  제일모직,사업보고서 (2009.12),제일모직,2010.03.31,연,00148328,20100331002344
5737,기  농업회사법인영광군유통,사업보고서 (2009.12),농업회사법인영광군유통,2010.03.31,,00780319,20100331002344
5738,유  콘텐트리중앙,사업보고서 (2009.12),콘텐트리중앙,2010.03.31,연,00203315,20100331002344
5739,기  오페스,사업보고서 (2009.12),오페스,2010.03.31,,00311298,20100331002344
5740,코  서울리거,사업보고서 (2009.12),서울리거,2010.03.31,연,00305570,20100331002344
5741,유  유니켐,사업보고서 (2009.12),유니켐,2010.03.31,연,00137207,20100331002344
5742,유  벽산,사업보고서 (2009.12),벽산,2010.03.31,연,00122898,20100331002344
5743,유  범양건영,[기재정정]사업보고서 (2009.12),범양건영,2010.03.31,연,00122694,20100331002344
5744,유  삼성E&A,사업보고서 (2009.12),삼성E&A,2010.03.31,연,00126308,20100331002344
5745,코  유진기업,사업보고서 (2009.12),유진기업,2010.03.31,정연,00184667,20100331002344
5746,기  국민은행,사업보고서 (2009.12),국민은행,2010.03.31,연,00386937,20100331002344
5747,기  유니텍전자,사업보고서 (2009.12),유니텍전자,2010.03.31,,00265078,20100331002344
5748,기  잘만테크,사업보고서 (2009.12),잘만테크,2010.03.31,,00491336,20100331002344
5749,기  디아이디,사업보고서 (2009.12),디아이디,2010.03.31,,00302801,20100331002344
5750,유  샘표,[기재정정]사업보고서 (2009.12),샘표,2010.03.31,,00130091,20100331002344
5751,코  모베이스,사업보고서 (2009.12),모베이스,2010.03.31,연,00498001,20100331002344
5752,코  디와이피엔에프,사업보고서 (2009.12),디와이피엔에프,2010.03.31,,00602136,20100331002344
5753,코  한컴위드,사업보고서 (2009.12),한컴위드,2010.03.31,,00363592,20100331002344
5754,코  디엔에프,사업보고서 (2009.12),디엔에프,2010.03.31,,00569691,20100331002344
5755,코  톱텍,사업보고서 (2009.12),톱텍,2010.03.31,,00531917,20100331002344
5756,코  액토즈소프트,사업보고서 (2009.12),액토즈소프트,2010.03.31,,00348034,20100331002344
5757,기  예당컴퍼니,사업보고서 (2009.12),예당컴퍼니,2010.03.31,,00252393,20100331002344
5758,기  인젠,사업보고서 (2009.12),인젠,2010.03.31,,00352295,20100331002344
5759,유  알루코,[기재정정]사업보고서 (2009.12),알루코,2010.03.31,연,00117027,20100331002344
5760,유  KB금융,사업보고서 (2009.12),KB금융,2010.03.31,연,00688996,20100331002344
5761,코  NHN벅스,사업보고서 (2009.12),NHN벅스,2010.03.31,,00645089,20100331002344
5762,기  유니온스틸,사업보고서 (2009.12),유니온스틸,2010.03.31,연,00140380,20100331002344
5763,코  폴라리스우노,사업보고서 (2009.12),폴라리스우노,2010.03.31,,00663669,20100331002344
5764,유  KIB플러그에너지,사업보고서 (2009.12),KIB플러그에너지,2010.03.31,연,00108746,20100331002344
5765,유  대양금속,사업보고서 (2009.12),대양금속,2010.03.31,연,00111111,20100331002344
5766,기  광주은행,사업보고서 (2009.12),광주은행,2010.03.31,,00104078,20100331002344
5767,기  한울정보기술,사업보고서 (2009.12),한울정보기술,2010.03.31,,00470254,20100331002344
5768,코  시노펙스,사업보고서 (2009.12),시노펙스,2010.03.31,연,00203023,20100331002344
5769,코  옴니시스템,사업보고서 (2009.12),옴니시스템,2010.03.31,,00265005,20100331002344
5770,유  삼천리,사업보고서 (2009.12),삼천리,2010.03.31,연,00128555,20100331002344
5771,유  아이에스동서,사업보고서 (2009.12),아이에스동서,2010.03.31,연,00115977,20100331002344
5772,기  호텔롯데,사업보고서 (2009.12),호텔롯데,2010.03.31,연,00165653,20100331002344
5773,코  바이오스마트,사업보고서 (2009.12),바이오스마트,2010.03.31,,00240857,20100331002344
5774,기  삼성전자서비스,사업보고서 (2009.12),삼성전자서비스,2010.03.31,,00258999,20100331002344
5775,기  티유미디어,사업보고서 (2009.12),티유미디어,2010.03.31,,00468806,20100331002344
5776,코  그린생명과학,사업보고서 (2009.12),그린생명과학,2010.03.31,,00532059,20100331002344
5777,기  네이쳐글로벌,사업보고서 (2009.12),네이쳐글로벌,2010.03.31,,00540304,20100331002344
5778,기  위너지스,사업보고서 (2009.12),위너지스,2010.03.31,정,00207223,20100331002344
5779,유  LG  IR,사업보고서 (2009.12),LG,2010.03.31,연,00120021,20100331002344
5780,유  무학,사업보고서 (2009.12),무학,2010.03.31,,00121543,20100331002344
5781,코  오리엔트정공,사업보고서 (2009.12),오리엔트정공,2010.03.31,,00300405,20100331002344
5782,코  메디앙스,사업보고서 (2009.12),메디앙스,2010.03.31,,00267854,20100331002344
5783,기  보홍,사업보고서 (2009.12),보홍,2010.03.31,정,00269287,20100331002344
5784,기  신한은행,사업보고서 (2009.12),신한은행,2010.03.31,정연,00149293,20100331002344
5785,기  경윤하이드로에너지,사업보고서 (2009.12),경윤하이드로에너지,2010.03.31,연,00173324,20100331002344
5786,기  코원플레이,사업보고서 (2009.12),코원플레이,2010.03.31,,00361266,20100331002344
5787,코  엠젠솔루션,사업보고서 (2009.12),엠젠솔루션,2010.03.31,,00110884,20100331002344
5788,코  나이스정보통신,사업보고서 (2009.12),나이스정보통신,2010.03.31,,00264945,20100331002344
5789,유  혜인,[기재정정]사업보고서 (2009.12),혜인,2010.03.31,정,00165343,20100331002344
5790,기  한진해운,사업보고서 (2009.12),한진해운,2010.03.31,연,00790501,20100331002344
5791,코  미래컴퍼니,사업보고서 (2009.12),미래컴퍼니,2010.03.31,,00447760,20100331002344
5792,기  헤파호프코리아,사업보고서 (2009.12),헤파호프코리아,2010.03.31,,00267094,20100331002344
5793,유  신세계  IR,사업보고서 (2009.12),신세계,2010.03.31,연,00136378,20100331002344
5794,기  신한캐피탈,사업보고서 (2009.12),신한캐피탈,2010.03.31,,00137456,20100331002344
5795,유  HJ중공업,사업보고서 (2009.12),HJ중공업,2010.03.31,정연,00633835,20100331002344
5796,유  참엔지니어링,사업보고서 (2009.12),참엔지니어링,2010.03.31,정연,00153621,20100331002344
5797,기  코스온,사업보고서 (2009.12),코스온,2010.03.31,,00402989,20100331002344
5798,코  위메이드,사업보고서 (2009.12),위메이드,2010.03.31,,00444329,20100331002344
5799,기  이지시스템,사업보고서 (2009.12),이지시스템,2010.03.31,,00312048,20100331002344
5800,기  에이디모터스,사업보고서 (2009.12),에이디모터스,2010.03.31,정,00266989,20100331002344
5801,유  진흥기업,사업보고서 (2009.12),진흥기업,2010.03.31,연,00150828,20100331002136
5802,기  씨앤케이인터내셔널,사업보고서 (2009.12),씨앤케이인터내셔널,2010.03.31,정,00252755,20100331002136
5803,유  동양,사업보고서 (2009.12),동양,2010.03.31,연,00117337,20100331002136
5804,유  호텔신라,사업보고서 (2009.12),호텔신라,2010.03.31,,00165680,20100331002136
5805,기  아이엠뱅크,[기재정정]사업보고서 (2009.12),아이엠뱅크,2010.03.31,연,00109019,20100331002136
5806,코  모두투어,사업보고서 (2009.12),모두투어,2010.03.31,,00456218,20100331002136
5807,유  금호전기,사업보고서 (2009.12),금호전기,2010.03.31,연,00106395,20100331002136
5808,유  HL D&I,사업보고서 (2009.12),HL D&I,2010.03.31,연,00161116,20100331002136
5809,기  이랜드리테일,사업보고서 (2009.12),이랜드리테일,2010.03.31,정,00108418,20100331002136
5810,코  기산텔레콤,사업보고서 (2009.12),기산텔레콤,2010.03.31,정연,00258421,20100331002136
5811,기  마이스코,사업보고서 (2009.12),마이스코,2010.03.31,,00450214,20100331002136
5812,유  롯데정밀화학,사업보고서 (2009.12),롯데정밀화학,2010.03.31,,00157681,20100331002136
5813,기  한화글로벌에셋,사업보고서 (2009.12),한화글로벌에셋,2010.03.31,,00262114,20100331002136
5814,기  기린,사업보고서 (2009.12),기린,2010.03.31,,00106508,20100331002136
5815,코  판타지오,사업보고서 (2009.12),판타지오,2010.03.31,,00231691,20100331002136
5816,기  엘앤씨피,사업보고서 (2009.12),엘앤씨피,2010.03.31,,00191108,20100331002136
5817,유  SG세계물산,사업보고서 (2009.12),SG세계물산,2010.03.31,,00133511,20100331002136
5818,기  한일네트웍스,사업보고서 (2009.12),한일네트웍스,2010.03.31,,00277736,20100331002136
5819,기  고려개발,사업보고서 (2009.12),고려개발,2010.03.31,,00102681,20100331002136
5820,코  오상헬스케어,사업보고서 (2009.12),오상헬스케어,2010.03.31,,00260657,20100331002136
5821,기  쌍용건설,사업보고서 (2009.12),쌍용건설,2010.03.31,연,00138206,20100331002136
5822,기  티브로드,사업보고서 (2009.12),티브로드,2010.03.31,정,00413453,20100331002136
5823,유  무림P&P,사업보고서 (2009.12),무림P&P,2010.03.31,,00119007,20100331002136
5824,기  넥슨지티,사업보고서 (2009.12),넥슨지티,2010.03.31,연,00266943,20100331002136
5825,코  경동제약,사업보고서 (2009.12),경동제약,2010.03.31,,00101549,20100331002136
5826,코  CNT85,사업보고서 (2009.12),CNT85,2010.03.31,,00318662,20100331002136
5827,코  티사이언티픽,사업보고서 (2009.12),티사이언티픽,2010.03.31,연,00372688,20100331002136
5828,기  티브로드도봉강북방송,사업보고서 (2009.12),티브로드도봉강북방송,2010.03.31,연,00244729,20100331002136
5829,기  세븐코스프,사업보고서 (2009.12),세븐코스프,2010.03.31,,00103121,20100331002136
5830,코  토비스,사업보고서 (2009.12),토비스,2010.03.31,,00390365,20100331002136
5831,기  대양글로벌,사업보고서 (2009.12),대양글로벌,2010.03.31,,00269773,20100331002136
5832,코  우리기술,사업보고서 (2009.12),우리기술,2010.03.31,,00231044,20100331002136
5833,코  티씨케이,사업보고서 (2009.12),티씨케이,2010.03.31,,00245472,20100331002136
5834,유  기업은행,사업보고서 (2009.12),기업은행,2010.03.31,연,00149646,20100331002136
5835,유  SPC삼립,사업보고서 (2009.12),SPC삼립,2010.03.31,,00125530,20100331002136
5836,유  한국전력공사,사업보고서 (2009.12),한국전력공사,2010.03.31,연,00159193,20100331002136
5837,기  풍림산업,사업보고서 (2009.12),풍림산업,2010.03.31,연,00155498,20100331002136
5838,코  씨씨에스,[첨부정정]사업보고서 (2009.12),씨씨에스,2010.03.31,,00249441,20100331002136
5839,기  하우리,사업보고서 (2009.12),하우리,2010.03.31,,00352000,20100331002136
5840,코  한국팩키지,사업보고서 (2009.12),한국팩키지,2010.03.31,,00198192,20100331002136
5841,유  HMM,사업보고서 (2009.12),HMM,2010.03.31,연,00164645,20100331002136
5842,유  갤럭시아에스엠,사업보고서 (2009.12),갤럭시아에스엠,2010.03.31,,00129554,20100331002136
5843,코  코오롱생명과학,사업보고서 (2009.12),코오롱생명과학,2010.03.31,,00525642,20100331002136
5844,기  티브로드한빛방송,사업보고서 (2009.12),티브로드한빛방송,2010.03.31,연,00270432,20100331002136
5845,기  에이치디현대오일뱅크,사업보고서 (2009.12),에이치디현대오일뱅크,2010.03.31,연,00105174,20100331002136
5846,유  대한항공,사업보고서 (2009.12),대한항공,2010.03.31,연,00113526,20100331002136
5847,유  금호건설,사업보고서 (2009.12),금호건설,2010.03.31,연,00106313,20100331002136
5848,코  유진로봇,사업보고서 (2009.12),유진로봇,2010.03.31,,00234227,20100331002136
5849,기  온미디어,사업보고서 (2009.12),온미디어,2010.03.31,정연,00369675,20100331002136
5850,기  에코바이브,사업보고서 (2009.12),에코바이브,2010.03.31,,00108065,20100331002136
5851,코  유아이디,사업보고서 (2009.12),유아이디,2010.03.31,,00400121,20100331002136
5852,기  롯데미도파,사업보고서 (2009.12),롯데미도파,2010.03.31,,00121729,20100331002136
5853,코  HLB생명과학,사업보고서 (2009.12),HLB생명과학,2010.03.31,,00365590,20100331002136
5854,기  모린스,사업보고서 (2009.12),모린스,2010.03.31,,00676380,20100331002136
5855,기  파브코,사업보고서 (2009.12),파브코,2010.03.31,정,00679730,20100331002136
5856,기  트리니티,사업보고서 (2009.12),트리니티,2010.03.31,,00262044,20100331002136
5857,기  씨브이네트,사업보고서 (2009.12),씨브이네트,2010.03.31,,00314718,20100331002136
5858,기  두산메카텍,사업보고서 (2009.12),두산메카텍,2010.03.31,,00113580,20100331002136
5859,유  현대백화점,사업보고서 (2009.12),현대백화점,2010.03.31,연,00428251,20100331002136
5860,코  지어소프트,사업보고서 (2009.12),지어소프트,2010.03.31,,00389110,20100331002136
5861,코  루멘스,사업보고서 (2009.12),루멘스,2010.03.31,,00406329,20100331002136
5862,유  유니온머티리얼,사업보고서 (2009.12),유니온머티리얼,2010.03.31,,00369833,20100331002136
5863,유  STX엔진,사업보고서 (2009.12),STX엔진,2010.03.31,연,00480455,20100331002136
5864,코  동성화인텍,사업보고서 (2009.12),동성화인텍,2010.03.31,,00231105,20100331002136
5865,유  태영건설,사업보고서 (2009.12),태영건설,2010.03.31,정연,00153861,20100331002136
5866,유  한창,사업보고서 (2009.12),한창,2010.03.31,,00163716,20100331002136
5867,기  한국스탠다드차타드금융지주,사업보고서 (2009.12),한국스탠다드차타드금융지주,2010.03.31,정연,00776486,20100331002136
5868,코  희림,사업보고서 (2009.12),희림,2010.03.31,,00236863,20100331002136
5869,유  삼성전기,사업보고서 (2009.12),삼성전기,2010.03.31,연,00126371,20100331002136
5870,코  주성엔지니어링,사업보고서 (2009.12),주성엔지니어링,2010.03.31,연,00252135,20100331002136
5871,기  에버리소스,사업보고서 (2009.12),에버리소스,2010.03.31,,00154727,20100331002136
5872,유  OCI홀딩스,사업보고서 (2009.12),OCI홀딩스,2010.03.31,연,00148896,20100331002136
5873,유  현대제철,사업보고서 (2009.12),현대제철,2010.03.31,연,00145880,20100331002136
5874,기  대림,사업보고서 (2009.12),대림,2010.03.31,연,00204688,20100331002136
5875,기  KBS인터넷,사업보고서 (2009.12),KBS인터넷,2010.03.31,,00310271,20100331002136
5876,유  동양고속,[기재정정]사업보고서 (2009.12),동양고속,2010.03.31,,00540641,20100331002136
5877,유  LG화학,사업보고서 (2009.12),LG화학,2010.03.31,연,00356361,20100331002136
5878,유  HD현대인프라코어,사업보고서 (2009.12),HD현대인프라코어,2010.03.31,연,00344287,20100331002136
5879,유  대한화섬,사업보고서 (2009.12),대한화섬,2010.03.31,,00113544,20100331002136
5880,기  아주,사업보고서 (2009.12),아주,2010.03.31,연,00139029,20100331002136
5881,코  피에스케이홀딩스,사업보고서 (2009.12),피에스케이홀딩스,2010.03.31,,00208444,20100331002136
5882,유  청호ICT,사업보고서 (2009.12),청호ICT,2010.03.31,,00151863,20100331002136
5883,기  현대푸드시스템,사업보고서 (2009.12),현대푸드시스템,2010.03.31,,00359641,20100331002136
5884,기  더체인지,사업보고서 (2009.12),더체인지,2010.03.31,,00359094,20100331002136
5885,기  다함이텍,[기재정정]사업보고서 (2009.12),다함이텍,2010.03.31,정연,00130046,20100331002136
5886,유  삼양홀딩스,사업보고서 (2009.12),삼양홀딩스,2010.03.31,연,00126937,20100331002136
5887,유  일진다이아,사업보고서 (2009.12),일진다이아,2010.03.31,정,00508274,20100331002136
5888,유  이아이디,사업보고서 (2009.12),이아이디,2010.03.31,연,00480950,20100331002136
5889,기  시노펙스그린테크,사업보고서 (2009.12),시노펙스그린테크,2010.03.31,연,00261212,20100331002136
5890,유  한일현대시멘트,사업보고서 (2009.12),한일현대시멘트,2010.03.31,연,00164672,20100331002136
5891,유  HD한국조선해양,사업보고서 (2009.12),HD한국조선해양,2010.03.31,연,00164830,20100331002136
5892,기  클라스타,사업보고서 (2009.12),클라스타,2010.03.31,연,00314000,20100331002136
5893,기  동북아21호선박투자회사,사업보고서 (2009.12),동북아21호선박투자회사,2010.03.31,,00548865,20100331002136
5894,유  SKC  IR,사업보고서 (2009.12),SKC,2010.03.31,연,00139889,20100331002136
5895,기  오케이투어,사업보고서 (2009.12),오케이투어,2010.03.31,,00261160,20100331002136
5896,기  지앤엘,사업보고서 (2009.12),지앤엘,2010.03.31,,00106456,20100331002136
5897,기  케이티엔지니어링,사업보고서 (2009.12),케이티엔지니어링,2010.03.31,,00160117,20100331002136
5898,코  한주에이알티,사업보고서 (2009.12),한주에이알티,2010.03.31,,00146427,20100331002136
5899,유  GS건설,사업보고서 (2009.12),GS건설,2010.03.31,연,00120030,20100331002136
5900,유  우신시스템,[기재정정]사업보고서 (2009.12),우신시스템,2010.03.31,연,00142883,20100331002136
5901,기  한화화인케미칼,사업보고서 (2009.12),한화화인케미칼,2010.03.31,,00160612,20100331001938
5902,유  케이씨씨  IR,사업보고서 (2009.12),케이씨씨,2010.03.31,연,00105271,20100331001938
5903,유  세아베스틸지주,사업보고서 (2009.12),세아베스틸지주,2010.03.31,,00106669,20100331001938
5904,기  키오스크테크놀로지,사업보고서 (2009.12),키오스크테크놀로지,2010.03.31,,00540313,20100331001938
5905,유  일신방직,사업보고서 (2009.12),일신방직,2010.03.31,연,00146269,20100331001938
5906,기  동아출판  IR,사업보고서 (2009.12),동아출판,2010.03.31,,00694818,20100331001938
5907,코  KH바텍,사업보고서 (2009.12),KH바텍,2010.03.31,연,00378628,20100331001938
5908,코  KG모빌리언스,사업보고서 (2009.12),KG모빌리언스,2010.03.31,,00405278,20100331001938
5909,코  엑시온그룹,사업보고서 (2009.12),엑시온그룹,2010.03.31,,00426068,20100331001938
5910,코  손오공,사업보고서 (2009.12),손오공,2010.03.31,,00306870,20100331001938
5911,기  한국전기초자,사업보고서 (2009.12),한국전기초자,2010.03.31,,00159175,20100331001938
5912,유  범양건영,사업보고서 (2009.12),범양건영,2010.03.31,정연,00122694,20100331001938
5913,기  엘지씨엔에스,사업보고서 (2009.12),엘지씨엔에스,2010.03.31,정,00139834,20100331001938
5914,코  삼보모터스,사업보고서 (2009.12),삼보모터스,2010.03.31,정,00351092,20100331001938
5915,기  제네시스디벨롭먼트홀딩스,사업보고서 (2009.12),제네시스디벨롭먼트홀딩스,2010.03.31,,00350738,20100331001938
5916,코  헬릭스미스,사업보고서 (2009.12),헬릭스미스,2010.03.31,,00359395,20100331001938
5917,유  SUN&L,사업보고서 (2009.12),SUN&L,2010.03.31,연,00132211,20100331001938
5918,기  심팩인더스트리,사업보고서 (2009.12),심팩인더스트리,2010.03.31,,00123648,20100331001938
5919,유  성신양회,사업보고서 (2009.12),성신양회,2010.03.31,연,00132804,20100331001938
5920,코  네오팜,사업보고서 (2009.12),네오팜,2010.03.31,,00551920,20100331001938
5921,유  신세계건설,사업보고서 (2009.12),신세계건설,2010.03.31,,00217947,20100331001938
5922,코  유비쿼스홀딩스,사업보고서 (2009.12),유비쿼스홀딩스,2010.03.31,,00411385,20100331001938
5923,기  대선조선,사업보고서 (2009.12),대선조선,2010.03.31,,00110307,20100331001938
5924,기  지오엠씨,사업보고서 (2009.12),지오엠씨,2010.03.31,연,00232317,20100331001938
5925,기  미주제강,사업보고서 (2009.12),미주제강,2010.03.31,정연,00115472,20100331001938
5926,코  인바디,사업보고서 (2009.12),인바디,2010.03.31,,00269922,20100331001938
5927,코  크레오에스지,사업보고서 (2009.12),크레오에스지,2010.03.31,연,00346407,20100331001938
5928,기  유니텍,사업보고서 (2009.12),유니텍,2010.03.31,,00273101,20100331001938
5929,기  더스텔라,사업보고서 (2009.12),더스텔라,2010.03.31,정연,00307037,20100331001938
5930,유  가온전선,사업보고서 (2009.12),가온전선,2010.03.31,,00104768,20100331001938
5931,코  고려신용정보,사업보고서 (2009.12),고려신용정보,2010.03.31,,00336297,20100331001938
5932,기  동북아15호선박투자회사,사업보고서 (2009.12),동북아15호선박투자회사,2010.03.31,연,00538497,20100331001938
5933,기  미리넷,사업보고서 (2009.12),미리넷,2010.03.31,정연,00361035,20100331001938
5934,코  퀀타피아,사업보고서 (2009.12),퀀타피아,2010.03.31,,00501970,20100331001938
5935,기  엠피씨플러스,사업보고서 (2009.12),엠피씨플러스,2010.03.31,,00302078,20100331001938
5936,기  인켈,사업보고서 (2009.12),인켈,2010.03.31,연,00164326,20100331001938
5937,기  한국스탠다드차타드은행,사업보고서 (2009.12),한국스탠다드차타드은행,2010.03.31,연,00148504,20100331001938
5938,기  브이오산업,사업보고서 (2009.12),브이오산업,2010.03.31,정,00101947,20100331001938
5939,기  알이네트웍스,사업보고서 (2009.12),알이네트웍스,2010.03.31,,00104892,20100331001938
5940,유  엘에스일렉트릭,사업보고서 (2009.12),엘에스일렉트릭,2010.03.31,연,00105855,20100331001938
5941,기  코오롱아이넷,사업보고서 (2009.12),코오롱아이넷,2010.03.31,연,00186540,20100331001938
5942,유  제일기획,사업보고서 (2009.12),제일기획,2010.03.31,연,00148276,20100331001938
5943,유  한국토지신탁,사업보고서 (2009.12),한국토지신탁,2010.03.31,,00233653,20100331001938
5944,유  태광산업,사업보고서 (2009.12),태광산업,2010.03.31,연,00153393,20100331001938
5945,유  에이엔피,[기재정정]사업보고서 (2009.12),에이엔피,2010.03.31,연,00143314,20100331001938
5946,유  한일홀딩스,사업보고서 (2009.12),한일홀딩스,2010.03.31,연,00162993,20100331001938
5947,기  우경,사업보고서 (2009.12),우경,2010.03.31,,00183914,20100331001938
5948,기  휴먼텍코리아,사업보고서 (2009.12),휴먼텍코리아,2010.03.31,,00371519,20100331001938
5949,기  모보,사업보고서 (2009.12),모보,2010.03.31,,00347442,20100331001938
5950,유  SK디스커버리,사업보고서 (2009.12),SK디스커버리,2010.03.31,연,00131832,20100331001938
5951,유  윌비스,사업보고서 (2009.12),윌비스,2010.03.31,연,00104999,20100331001938
5952,기  알보젠코리아,사업보고서 (2009.12),알보젠코리아,2010.03.31,,00105244,20100331001938
5953,유  동양철관,사업보고서 (2009.12),동양철관,2010.03.31,연,00117629,20100331001938
5954,기  오라바이오틱스,사업보고서 (2009.12),오라바이오틱스,2010.03.31,연,00109648,20100331001938
5955,코  신라에스지,사업보고서 (2009.12),신라에스지,2010.03.31,,00136004,20100331001938
5956,기  제네시스엔알디,사업보고서 (2009.12),제네시스엔알디,2010.03.31,,00347840,20100331001938
5957,기  선우중공업,사업보고서 (2009.12),선우중공업,2010.03.31,,00238913,20100331001938
5958,기  엔도어즈,사업보고서 (2009.12),엔도어즈,2010.03.31,정,00322461,20100331001938
5959,유  에이프로젠,사업보고서 (2009.12),에이프로젠,2010.03.31,정연,00152385,20100331001938
5960,기  디지텍시스템스,사업보고서 (2009.12),디지텍시스템스,2010.03.31,정,00543231,20100331001938
5961,코  케이티알파,사업보고서 (2009.12),케이티알파,2010.03.31,연,00260958,20100331001938
5962,코  인크레더블버즈,사업보고서 (2009.12),인크레더블버즈,2010.03.31,연,00390408,20100331001938
5963,기  엠소닉,사업보고서 (2009.12),엠소닉,2010.03.31,,00124577,20100331001938
5964,기  씨모텍,사업보고서 (2009.12),씨모텍,2010.03.31,,00582054,20100331001938
5965,기  메카포럼,사업보고서 (2009.12),메카포럼,2010.03.31,정,00246383,20100331001938
5966,기  녹원씨엔아이,사업보고서 (2009.12),녹원씨엔아이,2010.03.31,,00393469,20100331001938
5967,코  구영테크,사업보고서 (2009.12),구영테크,2010.03.31,연,00202060,20100331001938
5968,유  현대지에프홀딩스,사업보고서 (2009.12),현대지에프홀딩스,2010.03.31,연,00105280,20100331001938
5969,코  KCC건설,사업보고서 (2009.12),KCC건설,2010.03.31,,00105466,20100331001938
5970,유  퍼스텍,사업보고서 (2009.12),퍼스텍,2010.03.31,연,00148522,20100331001938
5971,기  에이원마이크로,사업보고서 (2009.12),에이원마이크로,2010.03.31,,00164195,20100331001938
5972,유  CS홀딩스,사업보고서 (2009.12),CS홀딩스,2010.03.31,,00149026,20100331001938
5973,기  현대페인트,사업보고서 (2009.12),현대페인트,2010.03.31,,00164955,20100331001938
5974,유  동일산업,사업보고서 (2009.12),동일산업,2010.03.31,,00172936,20100331001938
5975,유  알루코,사업보고서 (2009.12),알루코,2010.03.31,정연,00117027,20100331001938
5976,코  큐로홀딩스,사업보고서 (2009.12),큐로홀딩스,2010.03.31,연,00296324,20100331001938
5977,유  CJ제일제당,사업보고서 (2009.12),CJ제일제당,2010.03.31,연,00635134,20100331001938
5978,기  루트로닉,사업보고서 (2009.12),루트로닉,2010.03.31,,00549925,20100331001938
5979,기  SK,사업보고서 (2009.12),SK,2010.03.31,연,00144155,20100331001938
5980,유  삼성카드,사업보고서 (2009.12),삼성카드,2010.03.31,,00126292,20100331001938
5981,기  비에스한양,사업보고서 (2009.12),비에스한양,2010.03.31,,00162221,20100331001938
5982,코  네오티스,사업보고서 (2009.12),네오티스,2010.03.31,정,00447928,20100331001938
5983,기  에스티씨라이프,사업보고서 (2009.12),에스티씨라이프,2010.03.31,연,00133317,20100331001938
5984,코  아바코,사업보고서 (2009.12),아바코,2010.03.31,,00442145,20100331001938
5985,코  컴투스홀딩스,사업보고서 (2009.12),컴투스홀딩스,2010.03.31,,00535746,20100331001938
5986,코  폴라리스오피스,사업보고서 (2009.12),폴라리스오피스,2010.03.31,,00269852,20100331001938
5987,유  삼성중공업,사업보고서 (2009.12),삼성중공업,2010.03.31,연,00126478,20100331001938
5988,코  예스24,사업보고서 (2009.12),예스24,2010.03.31,,00362858,20100331001938
5989,기  제이웨이,사업보고서 (2009.12),제이웨이,2010.03.31,정연,00359474,20100331001938
5990,코  하나마이크론,사업보고서 (2009.12),하나마이크론,2010.03.31,연,00445054,20100331001938
5991,코  쎄니트,사업보고서 (2009.12),쎄니트,2010.03.31,연,00239596,20100331001938
5992,유  HDC,사업보고서 (2009.12),HDC,2010.03.31,연,00164636,20100331001938
5993,코  로체시스템즈,사업보고서 (2009.12),로체시스템즈,2010.03.31,,00363486,20100331001938
5994,기  동북아8호선박투자회사,사업보고서 (2009.12),동북아8호선박투자회사,2010.03.31,연,00510215,20100331001938
5995,기  서울관광마케팅,사업보고서 (2009.12),서울관광마케팅,2010.03.31,,00685430,20100331001938
5996,유  일성아이에스,사업보고서 (2009.12),일성아이에스,2010.03.31,,00146214,20100331001938
5997,기  전북은행,[기재정정]사업보고서 (2009.12),전북은행,2010.03.31,연,00147295,20100331001938
5998,기  트레스,사업보고서 (2009.12),트레스,2010.03.31,,00299358,20100331001938
5999,기  삼성광주전자,사업보고서 (2009.12),삼성광주전자,2010.03.31,,00104096,20100331001938
6000,유  효성,사업보고서 (2009.12),효성,2010.03.31,정연,00117188,20100331001938
6001,코  씨씨에스,사업보고서 (2009.12),씨씨에스,2010.03.31,정,00249441,20100331001777
6002,기  하나은행,사업보고서 (2009.12),하나은행,2010.03.31,연,00130897,20100331001777
6003,코  엑사이엔씨,사업보고서 (2009.12),엑사이엔씨,2010.03.31,연,00360577,20100331001777
6004,기  다휘,사업보고서 (2009.12),다휘,2010.03.31,,00353735,20100331001777
6005,유  한전기술,사업보고서 (2009.12),한전기술,2010.03.31,,00159209,20100331001777
6006,기  디지털타임스,사업보고서 (2009.12),디지털타임스,2010.03.31,,00335553,20100331001777
6007,코  자연과환경,사업보고서 (2009.12),자연과환경,2010.03.31,,00418379,20100331001777
6008,코  이미지스  IR,사업보고서 (2009.12),이미지스,2010.03.31,,00694942,20100331001777
6009,유  대상홀딩스,사업보고서 (2009.12),대상홀딩스,2010.03.31,연,00539274,20100331001777
6010,유  디아이동일,사업보고서 (2009.12),디아이동일,2010.03.31,연,00118345,20100331001777
6011,기  한화갤러리아타임월드,사업보고서 (2009.12),한화갤러리아타임월드,2010.03.31,,00117258,20100331001777
6012,코  지엔코,사업보고서 (2009.12),지엔코,2010.03.31,정연,00258102,20100331001777
6013,기  코원에너지서비스,사업보고서 (2009.12),코원에너지서비스,2010.03.31,,00112907,20100331001777
6014,코  씨티씨바이오,사업보고서 (2009.12),씨티씨바이오,2010.03.31,,00362292,20100331001777
6015,코  비보존 제약,사업보고서 (2009.12),비보존 제약,2010.03.31,연,00533191,20100331001777
6016,코  하츠,사업보고서 (2009.12),하츠,2010.03.31,,00221728,20100331001777
6017,코  네오위즈,사업보고서 (2009.12),네오위즈,2010.03.31,연,00628860,20100331001777
6018,코  삼보산업,사업보고서 (2009.12),삼보산업,2010.03.31,,00125822,20100331001777
6019,기  중앙건설,사업보고서 (2009.12),중앙건설,2010.03.31,,00149664,20100331001777
6020,기  코리아퍼시픽07호선박투자회사,사업보고서 (2009.12),코리아퍼시픽07호선박투자회사,2010.03.31,연,00637114,20100331001777
6021,유  세아제강지주,사업보고서 (2009.12),세아제강지주,2010.03.31,연,00124197,20100331001777
6022,기  케이비캐피탈,[기재정정]사업보고서 (2009.12),케이비캐피탈,2010.03.31,,00161408,20100331001777
6023,유  샘표,사업보고서 (2009.12),샘표,2010.03.31,정,00130091,20100331001777
6024,코  GST,사업보고서 (2009.12),GST,2010.03.31,,00540863,20100331001777
6025,기  디에스티,사업보고서 (2009.12),디에스티,2010.03.31,,00244419,20100331001777
6026,코  디지털대성,사업보고서 (2009.12),디지털대성,2010.03.31,,00398808,20100331001777
6027,유  SK텔레콤,사업보고서 (2009.12),SK텔레콤,2010.03.31,정연,00159023,20100331001777
6028,유  온타이드,사업보고서 (2009.12),온타이드,2010.03.31,연,00168331,20100331001777
6029,코  원익,사업보고서 (2009.12),원익,2010.03.31,연,00210980,20100331001777
6030,기  에스케이커뮤니케이션즈,사업보고서 (2009.12),에스케이커뮤니케이션즈,2010.03.31,정연,00361725,20100331001777
6031,기  신한,사업보고서 (2009.12),신한,2010.03.31,정연,00173740,20100331001777
6032,코  매일홀딩스,사업보고서 (2009.12),매일홀딩스,2010.03.31,연,00120924,20100331001777
6033,유  한샘,사업보고서 (2009.12),한샘,2010.03.31,연,00161693,20100331001777
6034,코  SG&G,사업보고서 (2009.12),SG&G,2010.03.31,연,00264714,20100331001777
6035,기  디엘건설,사업보고서 (2009.12),디엘건설,2010.03.31,,00128971,20100331001777
6036,유  한국쉘석유,사업보고서 (2009.12),한국쉘석유,2010.03.31,,00158149,20100331001777
6037,코  삼보판지,사업보고서 (2009.12),삼보판지,2010.03.31,연,00125938,20100331001777
6038,유  삼성에스디에스,사업보고서 (2009.12),삼성에스디에스,2010.03.31,연,00126186,20100331001777
6039,기  훈영,사업보고서 (2009.12),훈영,2010.03.31,,00188946,20100331001777
6040,코  소니드,사업보고서 (2009.12),소니드,2010.03.31,,00363510,20100331001777
6041,기  동북아6호선박투자회사,사업보고서 (2009.12),동북아6호선박투자회사,2010.03.31,연,00504357,20100331001777
6042,유  휠라홀딩스,사업보고서 (2009.12),휠라홀딩스,2010.03.31,연,00195229,20100331001777
6043,기  티이씨앤코,사업보고서 (2009.12),티이씨앤코,2010.03.31,연,00138127,20100331001777
6044,유  천일고속,사업보고서 (2009.12),천일고속,2010.03.31,,00151395,20100331001777
6045,기  신성이엔지,사업보고서 (2009.12),신성이엔지,2010.03.31,,00686068,20100331001777
6046,기  LS전선,사업보고서 (2009.12),LS전선,2010.03.31,,00683283,20100331001777
6047,코  에스씨디,사업보고서 (2009.12),에스씨디,2010.03.31,정,00171867,20100331001777
6048,코  갤럭시아머니트리  IR,사업보고서 (2009.12),갤럭시아머니트리,2010.03.31,연,00587457,20100331001777
6049,코  성광벤드,사업보고서 (2009.12),성광벤드,2010.03.31,연,00132318,20100331001777
6050,기  케이에스리소스,사업보고서 (2009.12),케이에스리소스,2010.03.31,,00385451,20100331001777
6051,유  LG생활건강,사업보고서 (2009.12),LG생활건강,2010.03.31,연,00356370,20100331001777
6052,유  태경비케이,사업보고서 (2009.12),태경비케이,2010.03.31,연,00122481,20100331001777
6053,코  iMBC,사업보고서 (2009.12),iMBC,2010.03.31,,00370006,20100331001777
6054,유  엔피씨,사업보고서 (2009.12),엔피씨,2010.03.31,연,00108038,20100331001777
6055,유  태림포장,사업보고서 (2009.12),태림포장,2010.03.31,연,00153524,20100331001777
6056,코  카스,사업보고서 (2009.12),카스,2010.03.31,정연,00152260,20100331001777
6057,코  네오위즈홀딩스,사업보고서 (2009.12),네오위즈홀딩스,2010.03.31,연,00266952,20100331001777
6058,코  인베니아,사업보고서 (2009.12),인베니아,2010.03.31,,00409371,20100331001777
6059,코  성우전자,사업보고서 (2009.12),성우전자,2010.03.31,연,00364306,20100331001777
6060,기  삼양엔텍,[기재정정]사업보고서 (2009.12),삼양엔텍,2010.03.31,,00127024,20100331001777
6061,유  콤텍시스템,사업보고서 (2009.12),콤텍시스템,2010.03.31,연,00186559,20100331001777
6062,기  코리아퍼시픽06호선박투자회사,사업보고서 (2009.12),코리아퍼시픽06호선박투자회사,2010.03.31,연,00592592,20100331001777
6063,코  알파녹스,사업보고서 (2009.12),알파녹스,2010.03.31,,00220109,20100331001777
6064,코  TKG애강,사업보고서 (2009.12),TKG애강,2010.03.31,연,00140061,20100331001777
6065,코  KG이니시스,사업보고서 (2009.12),KG이니시스,2010.03.31,연,00264547,20100331001777
6066,기  에스지피엠,사업보고서 (2009.12),에스지피엠,2010.03.31,,00447982,20100331001777
6067,기  에스와이코퍼레이션,사업보고서 (2009.12),에스와이코퍼레이션,2010.03.31,정,00126885,20100331001777
6068,코  라온시큐어,사업보고서 (2009.12),라온시큐어,2010.03.31,정,00255433,20100331001777
6069,기  에스비엠,사업보고서 (2009.12),에스비엠,2010.03.31,,00265227,20100331001777
6070,기  현진소재,사업보고서 (2009.12),현진소재,2010.03.31,정연,00188715,20100331001777
6071,코  골드앤에스,사업보고서 (2009.12),골드앤에스,2010.03.31,,00249502,20100331001777
6072,기  캠브리지코오롱,사업보고서 (2009.12),캠브리지코오롱,2010.03.31,,00128759,20100331001777
6073,기  현대트랜시스,사업보고서 (2009.12),현대트랜시스,2010.03.31,,00302634,20100331001777
6074,유  농심,사업보고서 (2009.12),농심,2010.03.31,연,00108241,20100331001777
6075,유  삼화전기,사업보고서 (2009.12),삼화전기,2010.03.31,연,00129271,20100331001777
6076,유  광주신세계,사업보고서 (2009.12),광주신세계,2010.03.31,,00220561,20100331001777
6077,기  세메스,사업보고서 (2009.12),세메스,2010.03.31,,00207737,20100331001777
6078,기  삼성메디슨,사업보고서 (2009.12),삼성메디슨,2010.03.31,연,00120988,20100331001777
6079,기  다산,사업보고서 (2009.12),다산,2010.03.31,,00108533,20100331001777
6080,코  위메이드맥스  IR,사업보고서 (2009.12),위메이드맥스,2010.03.31,,00643656,20100331001777
6081,코  원풍물산,사업보고서 (2009.12),원풍물산,2010.03.31,,00144021,20100331001777
6082,유  대상,사업보고서 (2009.12),대상,2010.03.31,연,00121941,20100331001777
6083,유  우성,사업보고서 (2009.12),우성,2010.03.31,연,00142661,20100331001777
6084,코  오텍,사업보고서 (2009.12),오텍,2010.03.31,,00397289,20100331001777
6085,코  에이디칩스,사업보고서 (2009.12),에이디칩스,2010.03.31,,00356927,20100331001777
6086,기  배명금속,사업보고서 (2009.12),배명금속,2010.03.31,연,00122436,20100331001777
6087,유  코스모화학,사업보고서 (2009.12),코스모화학,2010.03.31,,00160302,20100331001777
6088,유  삼성SDI,사업보고서 (2009.12),삼성SDI,2010.03.31,연,00126362,20100331001777
6089,기  해원에스티,사업보고서 (2009.12),해원에스티,2010.03.31,연,00252001,20100331001777
6090,기  아시아퍼시픽8호선박투자회사,사업보고서 (2009.12),아시아퍼시픽8호선박투자회사,2010.03.31,연,00510534,20100331001777
6091,코  컴투스,사업보고서 (2009.12),컴투스,2010.03.31,,00476498,20100331001777
6092,유  남성,사업보고서 (2009.12),남성,2010.03.31,연,00172185,20100331001777
6093,기  액티투오,사업보고서 (2009.12),액티투오,2010.03.31,,00348557,20100331001777
6094,기  포휴먼,사업보고서 (2009.12),포휴먼,2010.03.31,연,00331733,20100331001777
6095,기  코리아퍼시픽05호선박투자회사,사업보고서 (2009.12),코리아퍼시픽05호선박투자회사,2010.03.31,연,00592583,20100331001777
6096,코  대원산업,사업보고서 (2009.12),대원산업,2010.03.31,연,00111874,20100331001777
6097,코  CNH,사업보고서 (2009.12),CNH,2010.03.31,연,00149266,20100331001777
6098,기  신성에프에이,사업보고서 (2009.12),신성에프에이,2010.03.31,,00686147,20100331001777
6099,코  엠케이전자,사업보고서 (2009.12),엠케이전자,2010.03.31,,00121686,20100331001777
6100,기  한무쇼핑,사업보고서 (2009.12),한무쇼핑,2010.03.31,,00161365,20100331001777
6101,기  엠넷미디어,사업보고서 (2009.12),엠넷미디어,2010.03.31,,00335562,20100331001623
6102,코  코데즈컴바인  IR,사업보고서 (2009.12),코데즈컴바인,2010.03.31,연,00329093,20100331001623
6103,유  신세계푸드,사업보고서 (2009.12),신세계푸드,2010.03.31,,00274933,20100331001623
6104,유  써니전자,[기재정정]사업보고서 (2009.12),써니전자,2010.03.31,연,00138057,20100331001623
6105,기  에듀언스,사업보고서 (2009.12),에듀언스,2010.03.31,,00173634,20100331001623
6106,기  아시아퍼시픽7호선박투자회사,사업보고서 (2009.12),아시아퍼시픽7호선박투자회사,2010.03.31,연,00512532,20100331001623
6107,코  오스코텍,사업보고서 (2009.12),오스코텍,2010.03.31,,00263654,20100331001623
6108,유  포스코DX,사업보고서 (2009.12),포스코DX,2010.03.31,연,00155212,20100331001623
6109,기  도레이케미칼,[기재정정]사업보고서 (2009.12),도레이케미칼,2010.03.31,연,00148717,20100331001623
6110,유  디아이,사업보고서 (2009.12),디아이,2010.03.31,연,00118275,20100331001623
6111,기  현대에이치씨엔동작방송,사업보고서 (2009.12),현대에이치씨엔동작방송,2010.03.31,,00255071,20100331001623
6112,유  오리온홀딩스,사업보고서 (2009.12),오리온홀딩스,2010.03.31,연,00117577,20100331001623
6113,코  진성티이씨,사업보고서 (2009.12),진성티이씨,2010.03.31,연,00174208,20100331001623
6114,기  에스케이마리타임,사업보고서 (2009.12),에스케이마리타임,2010.03.31,연,00144207,20100331001623
6115,유  현대리바트,[기재정정]사업보고서 (2009.12),현대리바트,2010.03.31,,00300548,20100331001623
6116,유  이건산업,사업보고서 (2009.12),이건산업,2010.03.31,연,00145446,20100331001623
6117,기  아이피에스,사업보고서 (2009.12),아이피에스,2010.03.31,,00247887,20100331001623
6118,기  씨엔씨엔터프라이즈,사업보고서 (2009.12),씨엔씨엔터프라이즈,2010.03.31,,00234555,20100331001623
6119,기  성원건설,사업보고서 (2009.12),성원건설,2010.03.31,연,00133034,20100331001623
6120,코  이엠앤아이,사업보고서 (2009.12),이엠앤아이,2010.03.31,연,00475718,20100331001623
6121,기  아시아퍼시픽6호선박투자회사,사업보고서 (2009.12),아시아퍼시픽6호선박투자회사,2010.03.31,연,00512541,20100331001623
6122,코  서울반도체,사업보고서 (2009.12),서울반도체,2010.03.31,연,00130763,20100331001623
6123,기  코리아퍼시픽04호선박투자회사,사업보고서 (2009.12),코리아퍼시픽04호선박투자회사,2010.03.31,연,00580630,20100331001623
6124,유  한화오션,사업보고서 (2009.12),한화오션,2010.03.31,정연,00111704,20100331001623
6125,기  두산건설  IR,사업보고서 (2009.12),두산건설,2010.03.31,연,00102760,20100331001623
6126,코  제이씨현시스템,사업보고서 (2009.12),제이씨현시스템,2010.03.31,,00223513,20100331001623
6127,코  에코바이오,사업보고서 (2009.12),에코바이오,2010.03.31,연,00287812,20100331001623
6128,기  피앤텔,사업보고서 (2009.12),피앤텔,2010.03.31,연,00302120,20100331001623
6129,기  성원아이북랜드,사업보고서 (2009.12),성원아이북랜드,2010.03.31,,00398950,20100331001623
6130,기  아시아퍼시픽5호선박투자회사,사업보고서 (2009.12),아시아퍼시픽5호선박투자회사,2010.03.31,연,00512550,20100331001623
6131,코  이렘,사업보고서 (2009.12),이렘,2010.03.31,,00116426,20100331001623
6132,기  현대하이스코,사업보고서 (2009.12),현대하이스코,2010.03.31,정연,00164469,20100331001623
6133,코  와이어블,사업보고서 (2009.12),와이어블,2010.03.31,,00250137,20100331001623
6134,코  폴라리스AI파마,사업보고서 (2009.12),폴라리스AI파마,2010.03.31,,00463342,20100331001623
6135,기  아시아퍼시픽4호선박투자회사,사업보고서 (2009.12),아시아퍼시픽4호선박투자회사,2010.03.31,연,00505569,20100331001623
6136,코  마크로젠,사업보고서 (2009.12),마크로젠,2010.03.31,,00261373,20100331001623
6137,유  일성건설,사업보고서 (2009.12),일성건설,2010.03.31,,00146232,20100331001623
6138,기  알바이오,사업보고서 (2009.12),알바이오,2010.03.31,정,00112004,20100331001623
6139,기  대전시티즌,사업보고서 (2009.12),대전시티즌,2010.03.31,,00544018,20100331001623
6140,유  현대비앤지스틸,사업보고서 (2009.12),현대비앤지스틸,2010.03.31,,00125743,20100331001623
6141,유  키다리스튜디오,사업보고서 (2009.12),키다리스튜디오,2010.03.31,,00140131,20100331001623
6142,유  LG유플러스,사업보고서 (2009.12),LG유플러스,2010.03.31,,00231363,20100331001623
6143,기  코리아퍼시픽03호선박투자회사,사업보고서 (2009.12),코리아퍼시픽03호선박투자회사,2010.03.31,연,00580621,20100331001623
6144,기  닉스테크,사업보고서 (2009.12),닉스테크,2010.03.31,,00359030,20100331001623
6145,유  씨아이테크,사업보고서 (2009.12),씨아이테크,2010.03.31,,00127158,20100331001623
6146,유  태경산업,사업보고서 (2009.12),태경산업,2010.03.31,연,00153339,20100331001623
6147,유  SH에너지화학,사업보고서 (2009.12),SH에너지화학,2010.03.31,연,00136457,20100331001623
6148,기  터보테크,사업보고서 (2009.12),터보테크,2010.03.31,연,00229818,20100331001623
6149,기  중앙디자인,사업보고서 (2009.12),중앙디자인,2010.03.31,연,00200761,20100331001623
6150,기  에스앤씨엔진그룹리미티드,사업보고서 (2009.12),에스앤씨엔진그룹리미티드,2010.03.31,연,00786331,20100331001623
6151,코  유니슨,사업보고서 (2009.12),유니슨,2010.03.31,연,00144243,20100331001623
6152,유  진도,사업보고서 (2009.12),진도,2010.03.31,,00557933,20100331001623
6153,기  어울림엘시스,사업보고서 (2009.12),어울림엘시스,2010.03.31,,00206127,20100331001623
6154,코  HB테크놀러지,사업보고서 (2009.12),HB테크놀러지,2010.03.31,연,00255275,20100331001623
6155,유  하이트진로,사업보고서 (2009.12),하이트진로,2010.03.31,연,00150244,20100331001623
6156,기  신일건업,사업보고서 (2009.12),신일건업,2010.03.31,정,00136970,20100331001623
6157,유  신성이엔지,사업보고서 (2009.12),신성이엔지,2010.03.31,정연,00136271,20100331001623
6158,유  아모레퍼시픽그룹,사업보고서 (2009.12),아모레퍼시픽그룹,2010.03.31,정연,00154462,20100331001623
6159,기  아시아퍼시픽3호선박투자회사,사업보고서 (2009.12),아시아퍼시픽3호선박투자회사,2010.03.31,연,00505550,20100331001623
6160,기  대덕GDS,사업보고서 (2009.12),대덕GDS,2010.03.31,연,00109170,20100331001623
6161,유  삼성전자,사업보고서 (2009.12),삼성전자,2010.03.31,연,00126380,20100331001623
6162,유  대한해운,사업보고서 (2009.12),대한해운,2010.03.31,연,00113535,20100331001623
6163,코  DGP  IR,사업보고서 (2009.12),DGP,2010.03.31,,00367695,20100331001623
6164,기  소리바다,사업보고서 (2009.12),소리바다,2010.03.31,,00352718,20100331001623
6165,코  젬백스,사업보고서 (2009.12),젬백스,2010.03.31,,00492894,20100331001623
6166,유  삼영,사업보고서 (2009.12),삼영,2010.03.31,연,00127255,20100331001623
6167,유  부국철강,사업보고서 (2009.12),부국철강,2010.03.31,,00123781,20100331001623
6168,유  삼화왕관,사업보고서 (2009.12),삼화왕관,2010.03.31,,00129235,20100331001623
6169,기  코리아퍼시픽02호선박투자회사,사업보고서 (2009.12),코리아퍼시픽02호선박투자회사,2010.03.31,연,00580612,20100331001623
6170,기  에스브이에이치,사업보고서 (2009.12),에스브이에이치,2010.03.31,정,00268358,20100331001623
6171,기  아시아퍼시픽2호선박투자회사,사업보고서 (2009.12),아시아퍼시픽2호선박투자회사,2010.03.31,연,00505541,20100331001623
6172,기  멜파스  IR,사업보고서 (2009.12),멜파스,2010.03.31,,00609315,20100331001623
6173,기  벽산건설,사업보고서 (2009.12),벽산건설,2010.03.31,,00122922,20100331001623
6174,기  성우몰드,사업보고서 (2009.12),성우몰드,2010.03.31,,00208301,20100331001623
6175,유  티에이치엔,사업보고서 (2009.12),티에이치엔,2010.03.31,연,00118965,20100331001623
6176,유  계양전기  IR,[기재정정]사업보고서 (2009.12),계양전기,2010.03.31,연,00102618,20100331001623
6177,기  경남은행,사업보고서 (2009.12),경남은행,2010.03.31,연,00101363,20100331001623
6178,기  하나은행,사업보고서 (2009.12),하나은행,2010.03.31,연,00158909,20100331001623
6179,기  지노시스템,사업보고서 (2009.12),지노시스템,2010.03.31,,00244589,20100331001623
6180,코  캠시스,사업보고서 (2009.12),캠시스,2010.03.31,연,00330044,20100331001623
6181,코  서부T&D,사업보고서 (2009.12),서부T&D,2010.03.31,,00130383,20100331001623
6182,유  한국제지,[기재정정]사업보고서 (2009.12),한국제지,2010.03.31,,00133706,20100331001623
6183,코  경남제약,사업보고서 (2009.12),경남제약,2010.03.31,연,00307028,20100331001623
6184,유  CJ대한통운,사업보고서 (2009.12),CJ대한통운,2010.03.31,연,00113410,20100331001623
6185,유  세원이앤씨,사업보고서 (2009.12),세원이앤씨,2010.03.31,,00585219,20100331001623
6186,기  거북선4호선박투자회사,사업보고서 (2009.12),거북선4호선박투자회사,2010.03.31,,00697329,20100331001623
6187,코  인피니트헬스케어,사업보고서 (2009.12),인피니트헬스케어,2010.03.31,,00435969,20100331001623
6188,기  코리아퍼시픽01호선박투자회사,사업보고서 (2009.12),코리아퍼시픽01호선박투자회사,2010.03.31,연,00580603,20100331001623
6189,유  삼화콘덴서공업,사업보고서 (2009.12),삼화콘덴서공업,2010.03.31,연,00129350,20100331001623
6190,유  HS애드,사업보고서 (2009.12),HS애드,2010.03.31,연,00140168,20100331001623
6191,유  그린케미칼,사업보고서 (2009.12),그린케미칼,2010.03.31,,00454946,20100331001623
6192,코  드래곤플라이,사업보고서 (2009.12),드래곤플라이,2010.03.31,,00230036,20100331001623
6193,유  제이준코스메틱,사업보고서 (2009.12),제이준코스메틱,2010.03.31,,00136776,20100331001623
6194,기  거북선3호선박투자회사,사업보고서 (2009.12),거북선3호선박투자회사,2010.03.31,,00648697,20100331001623
6195,유  SK가스,사업보고서 (2009.12),SK가스,2010.03.31,연,00144164,20100331001623
6196,기  에스텍시스템,사업보고서 (2009.12),에스텍시스템,2010.03.31,,00362885,20100331001623
6197,유  KG스틸,사업보고서 (2009.12),KG스틸,2010.03.31,연,00115676,20100331001623
6198,코  아모텍,사업보고서 (2009.12),아모텍,2010.03.31,연,00298447,20100331001623
6199,유  에넥스,사업보고서 (2009.12),에넥스,2010.03.31,연,00139764,20100331001623
6200,유  이수페타시스,사업보고서 (2009.12),이수페타시스,2010.03.31,연,00107613,20100331001623
6201,기  에스케이에코플랜트,사업보고서 (2009.12),에스케이에코플랜트,2010.03.31,연,00131799,20100331001460
6202,기  동양건설산업,[기재정정]사업보고서 (2009.12),동양건설산업,2010.03.31,연,00117072,20100331001460
6203,기  코아에스앤아이,사업보고서 (2009.12),코아에스앤아이,2010.03.31,,00345657,20100331001460
6204,유  태경케미컬,사업보고서 (2009.12),태경케미컬,2010.03.31,,00109161,20100331001460
6205,유  명문제약,사업보고서 (2009.12),명문제약,2010.03.31,연,00121039,20100331001460
6206,유  대림비앤코,사업보고서 (2009.12),대림비앤코,2010.03.31,연,00109754,20100331001460
6207,유  비에이치,사업보고서 (2009.12),비에이치,2010.03.31,,00447609,20100331001460
6208,유  TP,사업보고서 (2009.12),TP,2010.03.31,,00154329,20100331001460
6209,유  LX하우시스,사업보고서 (2009.12),LX하우시스,2010.03.31,연,00759513,20100331001460
6210,기  영진코퍼레이션,사업보고서 (2009.12),영진코퍼레이션,2010.03.31,연,00356158,20100331001460
6211,유  진원생명과학,사업보고서 (2009.12),진원생명과학,2010.03.31,정연,00118521,20100331001460
6212,유  한솔홈데코,사업보고서 (2009.12),한솔홈데코,2010.03.31,연,00203582,20100331001460
6213,기  삼환기업,사업보고서 (2009.12),삼환기업,2010.03.31,연,00129411,20100331001460
6214,기  거북선2호선박투자회사,사업보고서 (2009.12),거북선2호선박투자회사,2010.03.31,,00648688,20100331001460
6215,유  엑시큐어하이트론,사업보고서 (2009.12),엑시큐어하이트론,2010.03.31,,00156150,20100331001460
6216,기  메가마트,사업보고서 (2009.12),메가마트,2010.03.31,연,00108250,20100331001460
6217,코  성우하이텍,사업보고서 (2009.12),성우하이텍,2010.03.31,연,00132992,20100331001460
6218,유  한국무브넥스,사업보고서 (2009.12),한국무브넥스,2010.03.31,연,00160418,20100331001460
6219,코  파인테크닉스,사업보고서 (2009.12),파인테크닉스,2010.03.31,연,00755739,20100331001460
6220,유  GKL,사업보고서 (2009.12),GKL,2010.03.31,,00557508,20100331001460
6221,기  미성포리테크,사업보고서 (2009.12),미성포리테크,2010.03.31,연,00530796,20100331001460
6222,유  동아지질,[기재정정]사업보고서 (2009.12),동아지질,2010.03.31,,00178754,20100331001460
6223,유  LS,사업보고서 (2009.12),LS,2010.03.31,연,00105952,20100331001460
6224,유  까뮤이앤씨,사업보고서 (2009.12),까뮤이앤씨,2010.03.31,,00129420,20100331001460
6225,유  사조산업,사업보고서 (2009.12),사조산업,2010.03.31,연,00124799,20100331001460
6226,유  이월드,[기재정정]사업보고서 (2009.12),이월드,2010.03.31,,00540605,20100331001460
6227,기  제일창업투자,사업보고서 (2009.12),제일창업투자,2010.03.31,,00114826,20100331001460
6228,코  부방,사업보고서 (2009.12),부방,2010.03.31,연,00243067,20100331001460
6229,코  코세스,사업보고서 (2009.12),코세스,2010.03.31,,00365934,20100331001460
6230,코  에이스테크,사업보고서 (2009.12),에이스테크,2010.03.31,,00556907,20100331001460
6231,코  팜스토리,사업보고서 (2009.12),팜스토리,2010.03.31,연,00192499,20100331001460
6232,코  율호,사업보고서 (2009.12),율호,2010.03.31,연,00583026,20100331001460
6233,코  유라테크,사업보고서 (2009.12),유라테크,2010.03.31,,00201742,20100331001460
6234,유  한솔케미칼,사업보고서 (2009.12),한솔케미칼,2010.03.31,연,00140955,20100331001460
6235,유  넥센타이어,사업보고서 (2009.12),넥센타이어,2010.03.31,연,00173874,20100331001460
6236,코  우리엔터프라이즈,사업보고서 (2009.12),우리엔터프라이즈,2010.03.31,연,00155692,20100331001460
6237,기  아시아퍼시픽1호선박투자회사,사업보고서 (2009.12),아시아퍼시픽1호선박투자회사,2010.03.31,연,00502793,20100331001460
6238,코  SGC E&C,사업보고서 (2009.12),SGC E&C,2010.03.31,연,00141246,20100331001460
6239,코  파인디앤씨,사업보고서 (2009.12),파인디앤씨,2010.03.31,,00350020,20100331001460
6240,유  한화솔루션,사업보고서 (2009.12),한화솔루션,2010.03.31,연,00162461,20100331001460
6241,유  한국가스공사,사업보고서 (2009.12),한국가스공사,2010.03.31,연,00261285,20100331001460
6242,코  더테크놀로지,사업보고서 (2009.12),더테크놀로지,2010.03.31,,00351454,20100331001460
6243,기  메타넷디지털,사업보고서 (2009.12),메타넷디지털,2010.03.31,,00192347,20100331001460
6244,기  금호렌터카글로벌,사업보고서 (2009.12),금호렌터카글로벌,2010.03.31,,00788153,20100331001460
6245,코  네패스,사업보고서 (2009.12),네패스,2010.03.31,연,00227333,20100331001460
6246,기  투미비티,사업보고서 (2009.12),투미비티,2010.03.31,연,00392600,20100331001460
6247,코  에스티오,사업보고서 (2009.12),에스티오,2010.03.31,,00612188,20100331001460
6248,기  협화,사업보고서 (2009.12),협화,2010.03.31,,00160533,20100331001460
6249,기  성지건설,[기재정정]사업보고서 (2009.12),성지건설,2010.03.31,,00133238,20100331001460
6250,기  롯데카드,사업보고서 (2009.12),롯데카드,2010.03.31,,00219051,20100331001460
6251,기  에스트라,사업보고서 (2009.12),에스트라,2010.03.31,,00154392,20100331001460
6252,기  보광티에스,사업보고서 (2009.12),보광티에스,2010.03.31,,00251385,20100331001460
6253,코  ISC  IR,사업보고서 (2009.12),ISC,2010.03.31,,00572905,20100331001460
6254,기  쏠라엔텍,사업보고서 (2009.12),쏠라엔텍,2010.03.31,,00268020,20100331001460
6255,유  세방전지,사업보고서 (2009.12),세방전지,2010.03.31,,00133858,20100331001460
6256,유  AJ네트웍스,사업보고서 (2009.12),AJ네트웍스,2010.03.31,,00365387,20100331001460
6257,기  가치네트,사업보고서 (2009.12),가치네트,2010.03.31,,00331007,20100331001460
6258,기  하나에스케이카드,사업보고서 (2009.12),하나에스케이카드,2010.03.31,,00790103,20100331001460
6259,유  아모레퍼시픽,사업보고서 (2009.12),아모레퍼시픽,2010.03.31,연,00583424,20100331001460
6260,유  롯데쇼핑  IR,사업보고서 (2009.12),롯데쇼핑,2010.03.31,연,00120526,20100331001460
6261,유  미원홀딩스,사업보고서 (2009.12),미원홀딩스,2010.03.31,,00706715,20100331001460
6262,기  사조해표,사업보고서 (2009.12),사조해표,2010.03.31,,00503899,20100331001460
6263,코  버킷스튜디오,사업보고서 (2009.12),버킷스튜디오,2010.03.31,정,00378220,20100331001460
6264,유  사조대림,사업보고서 (2009.12),사조대림,2010.03.31,연,00109718,20100331001460
6265,유  덕성,사업보고서 (2009.12),덕성,2010.03.31,연,00114093,20100331001460
6266,코  쇼박스  IR,사업보고서 (2009.12),쇼박스,2010.03.31,연,00303794,20100331001460
6267,코  에프앤가이드,사업보고서 (2009.12),에프앤가이드,2010.03.31,,00331016,20100331001460
6268,유  SG글로벌,사업보고서 (2009.12),SG글로벌,2010.03.31,연,00152039,20100331001460
6269,유  S-Oil,사업보고서 (2009.12),S-Oil,2010.03.31,연,00138279,20100331001460
6270,기  에스케이렌터카,사업보고서 (2009.12),에스케이렌터카,2010.03.31,,00201450,20100331001460
6271,유  강원랜드,사업보고서 (2009.12),강원랜드,2010.03.31,연,00255619,20100331001460
6272,기  오케이캐피탈,사업보고서 (2009.12),오케이캐피탈,2010.03.31,정,00148434,20100331001460
6273,기  에스엘엘중앙,사업보고서 (2009.12),에스엘엘중앙,2010.03.31,,00299367,20100331001460
6274,유  HD현대마린엔진,사업보고서 (2009.12),HD현대마린엔진,2010.03.31,,00406046,20100331001460
6275,유  현대글로비스,사업보고서 (2009.12),현대글로비스,2010.03.31,연,00360595,20100331001460
6276,코  동양이엔피,사업보고서 (2009.12),동양이엔피,2010.03.31,연,00178790,20100331001460
6277,기  에스케이엔펄스,사업보고서 (2009.12),에스케이엔펄스,2010.03.31,,00307189,20100331001460
6278,코  나노캠텍,사업보고서 (2009.12),나노캠텍,2010.03.31,정연,00542074,20100331001460
6279,코  LS마린솔루션,사업보고서 (2009.12),LS마린솔루션,2010.03.31,,00225742,20100331001460
6280,기  디에스,사업보고서 (2009.12),디에스,2010.03.31,연,00314888,20100331001460
6281,코  빅솔론,사업보고서 (2009.12),빅솔론,2010.03.31,,00478900,20100331001460
6282,기  아리온테크놀로지,사업보고서 (2009.12),아리온테크놀로지,2010.03.31,,00441128,20100331001460
6283,유  KPX케미칼,사업보고서 (2009.12),KPX케미칼,2010.03.31,연,00191472,20100331001460
6284,유  대성홀딩스,사업보고서 (2009.12),대성홀딩스,2010.03.31,연,00108940,20100331001460
6285,기  레드로버,사업보고서 (2009.12),레드로버,2010.03.31,,00364795,20100331001460
6286,기  엠제이비,사업보고서 (2009.12),엠제이비,2010.03.31,,00418476,20100331001460
6287,유  BYC,사업보고서 (2009.12),BYC,2010.03.31,연,00122579,20100331001460
6288,기  비씨카드,사업보고서 (2009.12),비씨카드,2010.03.31,,00124656,20100331001460
6289,유  한성기업,사업보고서 (2009.12),한성기업,2010.03.31,,00161860,20100331001460
6290,기  아주엠씨엠,사업보고서 (2009.12),아주엠씨엠,2010.03.31,,00312084,20100331001460
6291,코  KS인더스트리,사업보고서 (2009.12),KS인더스트리,2010.03.31,,00618410,20100331001460
6292,코  엘엠에스,사업보고서 (2009.12),엘엠에스,2010.03.31,정연,00494218,20100331001460
6293,기  케이비캐피탈,사업보고서 (2009.12),케이비캐피탈,2010.03.31,정,00161408,20100331001460
6294,유  KPX홀딩스,사업보고서 (2009.12),KPX홀딩스,2010.03.31,연,00587466,20100331001460
6295,코  삼영엠텍,사업보고서 (2009.12),삼영엠텍,2010.03.31,연,00250614,20100331001460
6296,기  맥스브로,사업보고서 (2009.12),맥스브로,2010.03.31,정연,00560991,20100331001460
6297,기  한라시멘트,사업보고서 (2009.12),한라시멘트,2010.03.31,,00257219,20100331001460
6298,기  이앤텍,사업보고서 (2009.12),이앤텍,2010.03.31,연,00215107,20100331001460
6299,기  GS칼텍스,사업보고서 (2009.12),GS칼텍스,2010.03.31,,00165459,20100331001460
6300,유  KH 필룩스,사업보고서 (2009.12),KH 필룩스,2010.03.31,연,00193009,20100331001460
6301,유  대교  IR,사업보고서 (2009.12),대교,2010.03.31,연,00108913,20100331001267
6302,유  한진중공업홀딩스,사업보고서 (2009.12),한진중공업홀딩스,2010.03.31,연,00163673,20100331001267
6303,기  매경닷컴,사업보고서 (2009.12),매경닷컴,2010.03.31,,00261647,20100331001267
6304,기  경남에너지,사업보고서 (2009.12),경남에너지,2010.03.31,연,00101336,20100331001267
6305,코  코아시아,[기재정정]사업보고서 (2009.12),코아시아,2010.03.31,연,00271501,20100331001267
6306,기  GB카드,사업보고서 (2009.12),GB카드,2010.03.31,,00262035,20100331001267
6307,기  삼양엔텍,사업보고서 (2009.12),삼양엔텍,2010.03.31,정,00127024,20100331001267
6308,기  현대정보기술,사업보고서 (2009.12),현대정보기술,2010.03.31,,00200956,20100331001267
6309,유  계양전기  IR,사업보고서 (2009.12),계양전기,2010.03.31,정연,00102618,20100331001267
6310,기  코리아2000,사업보고서 (2009.12),코리아2000,2010.03.31,연,00271440,20100331001267
6311,유  이엔플러스,사업보고서 (2009.12),이엔플러스,2010.03.31,,00469799,20100331001267
6312,유  써니전자,사업보고서 (2009.12),써니전자,2010.03.31,정연,00138057,20100331001267
6313,유  SHD,사업보고서 (2009.12),SHD,2010.03.31,,00137809,20100331001267
6314,코  빅텍,사업보고서 (2009.12),빅텍,2010.03.31,,00385363,20100331001267
6315,코  에스에이엠티,사업보고서 (2009.12),에스에이엠티,2010.03.31,연,00128661,20100331001267
6316,코  파루,사업보고서 (2009.12),파루,2010.03.31,,00266934,20100331001267
6317,유  제일연마,사업보고서 (2009.12),제일연마,2010.03.31,정연,00148461,20100331001267
6318,유  DSR제강,사업보고서 (2009.12),DSR제강,2010.03.31,연,00151298,20100331001267
6319,코  바이넥스,사업보고서 (2009.12),바이넥스,2010.03.31,,00216027,20100331001267
6320,코  네오리진,사업보고서 (2009.12),네오리진,2010.03.31,,00599106,20100331001267
6321,기  엔빅스,사업보고서 (2009.12),엔빅스,2010.03.31,,00300566,20100331001267
6322,기  이엠네트웍스,사업보고서 (2009.12),이엠네트웍스,2010.03.31,,00496225,20100331001267
6323,기  삼우이엠씨,사업보고서 (2009.12),삼우이엠씨,2010.03.31,연,00127370,20100331001267
6324,코  동양에스텍,사업보고서 (2009.12),동양에스텍,2010.03.31,,00178851,20100331001267
6325,기  씨유전자,사업보고서 (2009.12),씨유전자,2010.03.31,연,00361114,20100331001267
6326,유  모나미,사업보고서 (2009.12),모나미,2010.03.31,연,00121288,20100331001267
6327,코  KBI메탈,사업보고서 (2009.12),KBI메탈,2010.03.31,,00158024,20100331001267
6328,코  이수앱지스,사업보고서 (2009.12),이수앱지스,2010.03.31,정,00526872,20100331001267
6329,코  JW신약,사업보고서 (2009.12),JW신약,2010.03.31,,00110431,20100331001267
6330,유  E1,사업보고서 (2009.12),E1,2010.03.31,정연,00165583,20100331001267
6331,유  LG전자  IR,사업보고서 (2009.12),LG전자,2010.03.31,연,00401731,20100331001267
6332,유  코리아써키트,사업보고서 (2009.12),코리아써키트,2010.03.31,연,00152686,20100331001267
6333,기  금빛,사업보고서 (2009.12),금빛,2010.03.31,연,00455112,20100331001267
6334,기  뉴경기관광,사업보고서 (2009.12),뉴경기관광,2010.03.31,,00108302,20100331001267
6335,기  한와이어리스,사업보고서 (2009.12),한와이어리스,2010.03.31,연,00178471,20100331001267
6336,코  DH오토웨어,사업보고서 (2009.12),DH오토웨어,2010.03.31,연,00110583,20100331001267
6337,코  동방선기,사업보고서 (2009.12),동방선기,2010.03.31,연,00526678,20100331001267
6338,코  세종텔레콤,사업보고서 (2009.12),세종텔레콤,2010.03.31,,00268002,20100331001267
6339,유  JW중외제약,사업보고서 (2009.12),JW중외제약,2010.03.31,정,00149947,20100331001267
6340,코  바이오니아  IR,사업보고서 (2009.12),바이오니아,2010.03.31,,00326731,20100331001267
6341,유  선도전기,사업보고서 (2009.12),선도전기,2010.03.31,,00131939,20100331001267
6342,코  우리바이오,사업보고서 (2009.12),우리바이오,2010.03.31,연,00369107,20100331001267
6343,유  AK홀딩스,사업보고서 (2009.12),AK홀딩스,2010.03.31,연,00125080,20100331001267
6344,유  동양고속,사업보고서 (2009.12),동양고속,2010.03.31,정,00540641,20100331001267
6345,코  홈센타홀딩스,사업보고서 (2009.12),홈센타홀딩스,2010.03.31,연,00288495,20100331001267
6346,코  웰크론  IR,사업보고서 (2009.12),웰크론,2010.03.31,연,00362159,20100331001267
6347,코  에이티넘인베스트,사업보고서 (2009.12),에이티넘인베스트,2010.03.31,,00161462,20100331001267
6348,기  동북아5호선박투자회사,사업보고서 (2009.12),동북아5호선박투자회사,2010.03.31,연,00505198,20100331001267
6349,코  팬스타엔터프라이즈,사업보고서 (2009.12),팬스타엔터프라이즈,2010.03.31,정연,00339072,20100331001267
6350,유  제일파마홀딩스,사업보고서 (2009.12),제일파마홀딩스,2010.03.31,,00148443,20100331001267
6351,유  보령  IR,사업보고서 (2009.12),보령,2010.03.31,,00123143,20100331001267
6352,기  휴코드홀딩스,사업보고서 (2009.12),휴코드홀딩스,2010.03.31,연,00165361,20100331001267
6353,유  강남제비스코,사업보고서 (2009.12),강남제비스코,2010.03.31,연,00100939,20100331001267
6354,유  대성에너지,사업보고서 (2009.12),대성에너지,2010.03.31,,00787376,20100331001267
6355,유  광명전기  IR,사업보고서 (2009.12),광명전기,2010.03.31,연,00103662,20100331001267
6356,유  흥아해운,사업보고서 (2009.12),흥아해운,2010.03.31,연,00167208,20100331001267
6357,기  코오롱글로텍,사업보고서 (2009.12),코오롱글로텍,2010.03.31,,00152923,20100331001267
6358,코  가비아,사업보고서 (2009.12),가비아,2010.03.31,연,00506294,20100331001267
6359,유  인천도시가스,사업보고서 (2009.12),인천도시가스,2010.03.31,,00145862,20100331001267
6360,코  키이스트,사업보고서 (2009.12),키이스트,2010.03.31,,00353762,20100331001267
6361,유  모나리자,사업보고서 (2009.12),모나리자,2010.03.31,연,00173102,20100331001267
6362,기  동북아4호선박투자회사,사업보고서 (2009.12),동북아4호선박투자회사,2010.03.31,연,00505189,20100331001267
6363,기  지디코프,사업보고서 (2009.12),지디코프,2010.03.31,,00254009,20100331001267
6364,유  웅진씽크빅  IR,사업보고서 (2009.12),웅진씽크빅,2010.03.31,연,00628189,20100331001267
6365,유  NI스틸,사업보고서 (2009.12),NI스틸,2010.03.31,,00116301,20100331001267
6366,코  세중,사업보고서 (2009.12),세중,2010.03.31,정연,00264671,20100331001267
6367,유  페이퍼코리아,사업보고서 (2009.12),페이퍼코리아,2010.03.31,연,00134723,20100331001267
6368,유  한세실업  IR,사업보고서 (2009.12),한세실업,2010.03.31,정연,00728638,20100331001267
6369,코  신원종합개발,사업보고서 (2009.12),신원종합개발,2010.03.31,,00136925,20100331001267
6370,기  DL모터스,사업보고서 (2009.12),DL모터스,2010.03.31,,00109772,20100331001267
6371,기  한화토탈에너지스,사업보고서 (2009.12),한화토탈에너지스,2010.03.31,,00461593,20100331001267
6372,기  생고뱅코리아홀딩스,사업보고서 (2009.12),생고뱅코리아홀딩스,2010.03.31,연,00159005,20100331001267
6373,기  동북아3호선박투자회사,사업보고서 (2009.12),동북아3호선박투자회사,2010.03.31,연,00505170,20100331001267
6374,유  대덕,사업보고서 (2009.12),대덕,2010.03.31,연,00109189,20100331001267
6375,기  롯데캐피탈,사업보고서 (2009.12),롯데캐피탈,2010.03.31,,00222295,20100331001267
6376,유  한익스프레스,사업보고서 (2009.12),한익스프레스,2010.03.31,,00129509,20100331001267
6377,유  에이블씨엔씨,사업보고서 (2009.12),에이블씨엔씨,2010.03.31,,00400857,20100331001267
6378,코  일진파워,사업보고서 (2009.12),일진파워,2010.03.31,,00485177,20100331001267
6379,기  새롬정보시스템,사업보고서 (2009.12),새롬정보시스템,2010.03.31,,00324867,20100331001267
6380,유  HD현대미포,사업보고서 (2009.12),HD현대미포,2010.03.31,연,00164609,20100331001267
6381,유  JW홀딩스,사업보고서 (2009.12),JW홀딩스,2010.03.31,연,00632304,20100331001267
6382,기  프리젠,사업보고서 (2009.12),프리젠,2010.03.31,,00353230,20100331001267
6383,코  SFA반도체,사업보고서 (2009.12),SFA반도체,2010.03.31,연,00301246,20100331001267
6384,코  우주일렉트로,사업보고서 (2009.12),우주일렉트로,2010.03.31,,00390903,20100331001267
6385,코  어보브반도체,사업보고서 (2009.12),어보브반도체,2010.03.31,,00591441,20100331001267
6386,기  동북아14호선박투자회사,사업보고서 (2009.12),동북아14호선박투자회사,2010.03.31,연,00526474,20100331001267
6387,유  한솔테크닉스,사업보고서 (2009.12),한솔테크닉스,2010.03.31,연,00157399,20100331001267
6388,코  DMS,사업보고서 (2009.12),DMS,2010.03.31,연,00361594,20100331001267
6389,코  웰킵스하이텍,사업보고서 (2009.12),웰킵스하이텍,2010.03.31,,00260611,20100331001267
6390,기  동북아2호선박투자회사,사업보고서 (2009.12),동북아2호선박투자회사,2010.03.31,연,00502474,20100331001267
6391,기  롯데건설,사업보고서 (2009.12),롯데건설,2010.03.31,,00120438,20100331001267
6392,유  경동나비엔,사업보고서 (2009.12),경동나비엔,2010.03.31,연,00101488,20100331001267
6393,기  케드콤,사업보고서 (2009.12),케드콤,2010.03.31,연,00159281,20100331001267
6394,기  동양건설산업,사업보고서 (2009.12),동양건설산업,2010.03.31,정연,00117072,20100331001267
6395,기  핸디소프트,사업보고서 (2009.12),핸디소프트,2010.03.31,,00231521,20100331001267
6396,유  한국석유공업,사업보고서 (2009.12),한국석유공업,2010.03.31,연,00157991,20100331001267
6397,코  삼영이엔씨,사업보고서 (2009.12),삼영이엔씨,2010.03.31,,00288343,20100331001267
6398,유  화천기계,[기재정정]사업보고서 (2009.12),화천기계,2010.03.31,,00166500,20100331001267
6399,유  서울도시가스,[기재정정]사업보고서 (2009.12),서울도시가스,2010.03.31,정연,00130684,20100331001267
6400,코  웹케시,사업보고서 (2009.12),웹케시,2010.03.31,정,00323868,20100331001267
6401,코  참좋은여행,사업보고서 (2009.12),참좋은여행,2010.03.31,,00606770,20100331001052
6402,기  대주코레스,사업보고서 (2009.12),대주코레스,2010.03.31,,00133715,20100331001052
6403,유  백광산업,사업보고서 (2009.12),백광산업,2010.03.31,,00122472,20100331001052
6404,코  케스피온,사업보고서 (2009.12),케스피온,2010.03.31,,00479705,20100331001052
6405,기  동문건설,사업보고서 (2009.12),동문건설,2010.03.31,연,00115269,20100331001052
6406,코  국보디자인,사업보고서 (2009.12),국보디자인,2010.03.31,연,00253985,20100331001052
6407,기  동북아13호선박투자회사,사업보고서 (2009.12),동북아13호선박투자회사,2010.03.31,연,00526465,20100331001052
6408,기  행남사,사업보고서 (2009.12),행남사,2010.03.31,연,00164362,20100331001052
6409,유  대우건설,사업보고서 (2009.12),대우건설,2010.03.31,연,00124540,20100331001052
6410,유  문배철강,사업보고서 (2009.12),문배철강,2010.03.31,연,00121570,20100331001052
6411,기  에스제이케이,사업보고서 (2009.12),에스제이케이,2010.03.31,,00366793,20100331001052
6412,기  신한카드,사업보고서 (2009.12),신한카드,2010.03.31,,00307897,20100331001052
6413,코  와이엔텍,사업보고서 (2009.12),와이엔텍,2010.03.31,,00190756,20100331001052
6414,기  거북선6호선박투자회사,사업보고서 (2009.12),거북선6호선박투자회사,2010.03.31,,00778059,20100331001052
6415,기  택스온넷,사업보고서 (2009.12),택스온넷,2010.03.31,,00648156,20100331001052
6416,기  아이리스이십일,사업보고서 (2009.12),아이리스이십일,2010.03.31,,00268880,20100331001052
6417,기  동북아1호선박투자회사,사업보고서 (2009.12),동북아1호선박투자회사,2010.03.31,연,00475286,20100331001052
6418,유  SK네트웍스,사업보고서 (2009.12),SK네트웍스,2010.03.31,연,00131780,20100331001052
6419,기  셀트리온스킨큐어,사업보고서 (2009.12),셀트리온스킨큐어,2010.03.31,,00394583,20100331001052
6420,코  바이오톡스텍,사업보고서 (2009.12),바이오톡스텍,2010.03.31,,00447502,20100331001052
6421,기  동북아12호선박투자회사,사업보고서 (2009.12),동북아12호선박투자회사,2010.03.31,연,00526447,20100331001052
6422,기  에코솔루션,사업보고서 (2009.12),에코솔루션,2010.03.31,연,00346966,20100331001052
6423,코  에코프로  IR,사업보고서 (2009.12),에코프로,2010.03.31,,00536541,20100331001052
6424,기  실리콘화일,사업보고서 (2009.12),실리콘화일,2010.03.31,,00525527,20100331001052
6425,코  제룡전기,사업보고서 (2009.12),제룡전기,2010.03.31,,00185356,20100331001052
6426,유  대현,[기재정정]사업보고서 (2009.12),대현,2010.03.31,연,00113614,20100331001052
6427,기  씨디네트웍스,사업보고서 (2009.12),씨디네트웍스,2010.03.31,연,00493501,20100331001052
6428,기  아이디에이치,사업보고서 (2009.12),아이디에이치,2010.03.31,,00113632,20100331001052
6429,코  누리플렉스,사업보고서 (2009.12),누리플렉스,2010.03.31,연,00269889,20100331001052
6430,유  효성 ITX,사업보고서 (2009.12),효성 ITX,2010.03.31,연,00414850,20100331001052
6431,기  에이치에스씨홀딩스,사업보고서 (2009.12),에이치에스씨홀딩스,2010.03.31,,00265342,20100331001052
6432,유  SK오션플랜트,사업보고서 (2009.12),SK오션플랜트,2010.03.31,,00480367,20100331001052
6433,코  에스아이리소스,사업보고서 (2009.12),에스아이리소스,2010.03.31,,00120906,20100331001052
6434,유  이월드,사업보고서 (2009.12),이월드,2010.03.31,정,00540605,20100331001052
6435,기  다함이텍,사업보고서 (2009.12),다함이텍,2010.03.31,정연,00130046,20100331001052
6436,코  스타플렉스,사업보고서 (2009.12),스타플렉스,2010.03.31,,00405959,20100331001052
6437,코  코스나인,사업보고서 (2009.12),코스나인,2010.03.31,연,00442455,20100331001052
6438,코  코텍,사업보고서 (2009.12),코텍,2010.03.31,,00305297,20100331001052
6439,유  삼부토건,사업보고서 (2009.12),삼부토건,2010.03.31,연,00125974,20100331001052
6440,기  와이즈소프트,사업보고서 (2009.12),와이즈소프트,2010.03.31,,00299817,20100331001052
6441,코  오리콤,사업보고서 (2009.12),오리콤,2010.03.31,,00141671,20100331001052
6442,기  네스테크,사업보고서 (2009.12),네스테크,2010.03.31,연,00259536,20100331001052
6443,코  CJ프레시웨이,사업보고서 (2009.12),CJ프레시웨이,2010.03.31,연,00127954,20100331001052
6444,유  코웨이  IR,사업보고서 (2009.12),코웨이,2010.03.31,연,00170558,20100331001052
6445,기  대농,사업보고서 (2009.12),대농,2010.03.31,,00109107,20100331001052
6446,코  메디포스트,사업보고서 (2009.12),메디포스트,2010.03.31,,00453929,20100331001052
6447,유  영풍,사업보고서 (2009.12),영풍,2010.03.31,연,00141307,20100331001052
6448,코  플래스크,사업보고서 (2009.12),플래스크,2010.03.31,,00297448,20100331001052
6449,기  동북아11호선박투자회사,사업보고서 (2009.12),동북아11호선박투자회사,2010.03.31,연,00529523,20100331001052
6450,기  바다로3호선박투자회사,사업보고서 (2009.12),바다로3호선박투자회사,2010.03.31,연,00587101,20100331001052
6451,유  포스코스틸리온,사업보고서 (2009.12),포스코스틸리온,2010.03.31,,00155258,20100331001052
6452,기  에스카테크,사업보고서 (2009.12),에스카테크,2010.03.31,,00373845,20100331001052
6453,기  한국동서발전,사업보고서 (2009.12),한국동서발전,2010.03.31,,00393636,20100331001052
6454,유  HS화성,사업보고서 (2009.12),HS화성,2010.03.31,연,00174527,20100331001052
6455,유  대현,[기재정정]사업보고서 (2009.12),대현,2010.03.31,정연,00113614,20100331001052
6456,유  에이엔피,사업보고서 (2009.12),에이엔피,2010.03.31,정연,00143314,20100331001052
6457,코  한국전자금융,사업보고서 (2009.12),한국전자금융,2010.03.31,,00363769,20100331001052
6458,코  이글벳,사업보고서 (2009.12),이글벳,2010.03.31,,00145473,20100331001052
6459,기  기흥관광개발,[기재정정]사업보고서 (2009.12),기흥관광개발,2010.03.31,,00106720,20100331001052
6460,코  슈프리마에이치큐,사업보고서 (2009.12),슈프리마에이치큐,2010.03.31,,00599957,20100331001052
6461,유  동원수산,사업보고서 (2009.12),동원수산,2010.03.31,정,00118044,20100331001052
6462,기  성지건설,사업보고서 (2009.12),성지건설,2010.03.31,정,00133238,20100331001052
6463,기  스톰이앤에프,사업보고서 (2009.12),스톰이앤에프,2010.03.31,,00264796,20100331001052
6464,코  대봉엘에스,사업보고서 (2009.12),대봉엘에스,2010.03.31,,00442826,20100331001052
6465,유  하이트진로홀딩스,사업보고서 (2009.12),하이트진로홀딩스,2010.03.31,연,00148993,20100331001052
6466,기  동북아10호선박투자회사,사업보고서 (2009.12),동북아10호선박투자회사,2010.03.31,연,00529310,20100331001052
6467,기  뉴아세아,사업보고서 (2009.12),뉴아세아,2010.03.31,,00138695,20100331001052
6468,기  거북선5호선박투자회사,사업보고서 (2009.12),거북선5호선박투자회사,2010.03.31,,00778040,20100331001052
6469,유  동원시스템즈,사업보고서 (2009.12),동원시스템즈,2010.03.31,정연,00132637,20100331001052
6470,유  한온시스템,사업보고서 (2009.12),한온시스템,2010.03.31,연,00161125,20100331001052
6471,코  현대바이오,사업보고서 (2009.12),현대바이오,2010.03.31,연,00313649,20100331001052
6472,코  YBM넷,사업보고서 (2009.12),YBM넷,2010.03.31,,00307222,20100331001052
6473,기  나노트로닉스,사업보고서 (2009.12),나노트로닉스,2010.03.31,연,00268437,20100331001052
6474,기  엘앤피아너스,사업보고서 (2009.12),엘앤피아너스,2010.03.31,정연,00298252,20100331001052
6475,코  원일특강,사업보고서 (2009.12),원일특강,2010.03.31,,00143907,20100331001052
6476,코  비트컴퓨터,사업보고서 (2009.12),비트컴퓨터,2010.03.31,,00231707,20100331001052
6477,유  KSS해운,사업보고서 (2009.12),KSS해운,2010.03.31,,00160232,20100331001052
6478,코  대주전자재료,사업보고서 (2009.12),대주전자재료,2010.03.31,연,00177816,20100331001052
6479,유  한국앤컴퍼니,사업보고서 (2009.12),한국앤컴퍼니,2010.03.31,연,00160047,20100331001052
6480,코  감성코퍼레이션,사업보고서 (2009.12),감성코퍼레이션,2010.03.31,,00261009,20100331001052
6481,유  대한제강,사업보고서 (2009.12),대한제강,2010.03.31,,00113225,20100331001052
6482,코  DGI,사업보고서 (2009.12),DGI,2010.03.31,,00627029,20100331001052
6483,유  혜인,사업보고서 (2009.12),혜인,2010.03.31,정,00165343,20100331001052
6484,기  위노바,사업보고서 (2009.12),위노바,2010.03.31,,00261735,20100331001052
6485,코  HLB이노베이션,사업보고서 (2009.12),HLB이노베이션,2010.03.31,연,00155586,20100331001052
6486,유  종근당바이오,사업보고서 (2009.12),종근당바이오,2010.03.31,,00390055,20100331001052
6487,기  글로스텍,사업보고서 (2009.12),글로스텍,2010.03.31,,00102645,20100331001052
6488,유  대림통상,사업보고서 (2009.12),대림통상,2010.03.31,연,00109824,20100331001052
6489,코  바텍  IR,사업보고서 (2009.12),바텍,2010.03.31,,00264255,20100331001052
6490,유  일진디스플,사업보고서 (2009.12),일진디스플,2010.03.31,,00198697,20100331001052
6491,기  씨티앤티,사업보고서 (2009.12),씨티앤티,2010.03.31,,00334493,20100331001052
6492,코  비에이치아이,사업보고서 (2009.12),비에이치아이,2010.03.31,,00409788,20100331001052
6493,코  디에이피,사업보고서 (2009.12),디에이피,2010.03.31,,00303192,20100331001052
6494,유  한일철강,사업보고서 (2009.12),한일철강,2010.03.31,연,00163196,20100331001052
6495,코  서울제약,사업보고서 (2009.12),서울제약,2010.03.31,,00131018,20100331001052
6496,기  대양제지공업,사업보고서 (2009.12),대양제지공업,2010.03.31,연,00111227,20100331001052
6497,코  이상네트웍스,사업보고서 (2009.12),이상네트웍스,2010.03.31,,00454399,20100331001052
6498,기  바이오빌,사업보고서 (2009.12),바이오빌,2010.03.31,,00155382,20100331001052
6499,유  동부건설,사업보고서 (2009.12),동부건설,2010.03.31,정연,00115612,20100331001052
6500,기  조인에너지,사업보고서 (2009.12),조인에너지,2010.03.31,,00174305,20100331001052
6501,기  인네트,사업보고서 (2009.12),인네트,2010.03.31,연,00269339,20100331000880
6502,기  엠씨티티코어,사업보고서 (2009.12),엠씨티티코어,2010.03.31,정연,00262275,20100331000880
6503,유  아진전자부품,사업보고서 (2009.12),아진전자부품,2010.03.31,연,00111689,20100331000880
6504,코  우수AMS,사업보고서 (2009.12),우수AMS,2010.03.31,연,00301422,20100331000880
6505,기  골든블루,사업보고서 (2009.12),골든블루,2010.03.31,,00560308,20100331000880
6506,코  동신건설,사업보고서 (2009.12),동신건설,2010.03.31,,00116408,20100331000880
6507,기  프리챌,사업보고서 (2009.12),프리챌,2010.03.31,,00328483,20100331000880
6508,유  메타랩스,사업보고서 (2009.12),메타랩스,2010.03.31,,00442835,20100331000880
6509,코  서산,사업보고서 (2009.12),서산,2010.03.31,연,00130408,20100331000880
6510,기  에스케이브로드밴드,사업보고서 (2009.12),에스케이브로드밴드,2010.03.31,정연,00243988,20100331000880
6511,기  부산은행,사업보고서 (2009.12),부산은행,2010.03.31,연,00124106,20100331000880
6512,유  경농,사업보고서 (2009.12),경농,2010.03.31,,00101433,20100331000880
6513,기  성원,사업보고서 (2009.12),성원,2010.03.31,연,00133089,20100331000880
6514,코  미래나노텍,사업보고서 (2009.12),미래나노텍,2010.03.31,연,00526836,20100331000880
6515,코  광림,사업보고서 (2009.12),광림,2010.03.31,,00103635,20100331000880
6516,코  성호전자,사업보고서 (2009.12),성호전자,2010.03.31,연,00317210,20100331000880
6517,유  YG PLUS,[기재정정]사업보고서 (2009.12),YG PLUS,2010.03.31,,00249247,20100331000880
6518,코  국영지앤엠,사업보고서 (2009.12),국영지앤엠,2010.03.31,,00104537,20100331000880
6519,기  휴스토리,사업보고서 (2009.12),휴스토리,2010.03.31,연,00263140,20100331000880
6520,코  홈캐스트,사업보고서 (2009.12),홈캐스트,2010.03.31,,00385336,20100331000880
6521,기  네오퍼플,사업보고서 (2009.12),네오퍼플,2010.03.31,,00121251,20100331000880
6522,코  제이티,사업보고서 (2009.12),제이티,2010.03.31,,00365457,20100331000880
6523,유  동성케미컬,사업보고서 (2009.12),동성케미컬,2010.03.31,연,00679314,20100331000880
6524,기  제이앤유글로벌,사업보고서 (2009.12),제이앤유글로벌,2010.03.31,연,00413824,20100331000880
6525,코  이지홀딩스,사업보고서 (2009.12),이지홀딩스,2010.03.31,연,00242378,20100331000880
6526,코  클라우드에어,사업보고서 (2009.12),클라우드에어,2010.03.31,,00232821,20100331000880
6527,유  신흥,사업보고서 (2009.12),신흥,2010.03.31,연,00173795,20100331000880
6528,코  베뉴지  IR,사업보고서 (2009.12),베뉴지,2010.03.31,연,00267906,20100331000880
6529,코  가온그룹,사업보고서 (2009.12),가온그룹,2010.03.31,연,00441304,20100331000880
6530,유  주연테크,사업보고서 (2009.12),주연테크,2010.03.31,,00269241,20100331000880
6531,기  도레이케미칼,사업보고서 (2009.12),도레이케미칼,2010.03.31,정연,00148717,20100331000880
6532,유  일신석재,사업보고서 (2009.12),일신석재,2010.03.31,,00146296,20100331000880
6533,코  태웅,사업보고서 (2009.12),태웅,2010.03.31,정,00186799,20100331000880
6534,코  케이엠더블유,사업보고서 (2009.12),케이엠더블유,2010.03.31,연,00226352,20100331000880
6535,유  LX인터내셔널  IR,사업보고서 (2009.12),LX인터내셔널,2010.03.31,연,00120076,20100331000880
6536,유  동방,사업보고서 (2009.12),동방,2010.03.31,연,00115287,20100331000880
6537,유  코스맥스비티아이,사업보고서 (2009.12),코스맥스비티아이,2010.03.31,정연,00219574,20100331000880
6538,코  이니텍,사업보고서 (2009.12),이니텍,2010.03.31,,00353610,20100331000880
6539,기  전북은행,사업보고서 (2009.12),전북은행,2010.03.31,정연,00147295,20100331000880
6540,유  신세계I&C,사업보고서 (2009.12),신세계I&C,2010.03.31,,00219486,20100331000880
6541,유  신대양제지,사업보고서 (2009.12),신대양제지,2010.03.31,연,00135777,20100331000880
6542,코  아즈텍WB,사업보고서 (2009.12),아즈텍WB,2010.03.31,,00201131,20100331000880
6543,기  신텍,[첨부정정]사업보고서 (2009.12),신텍,2010.03.31,,00599887,20100331000880
6544,코  다날,사업보고서 (2009.12),다날,2010.03.31,,00389970,20100331000880
6545,코  제일테크노스,사업보고서 (2009.12),제일테크노스,2010.03.31,,00148595,20100331000880
6546,기  폴루스바이오팜,[기재정정]사업보고서 (2009.12),폴루스바이오팜,2010.03.31,연,00167280,20100331000880
6547,코  상상인  IR,사업보고서 (2009.12),상상인,2010.03.31,,00306162,20100331000880
6548,기  파나케이아,사업보고서 (2009.12),파나케이아,2010.03.31,,00353018,20100331000880
6549,유  태양금속공업,사업보고서 (2009.12),태양금속공업,2010.03.31,연,00153755,20100331000880
6550,코  조이시티,사업보고서 (2009.12),조이시티,2010.03.31,,00397252,20100331000880
6551,코  YW,사업보고서 (2009.12),YW,2010.03.31,정,00296263,20100331000880
6552,코  광무,사업보고서 (2009.12),광무,2010.03.31,,00186452,20100331000880
6553,코  초록뱀미디어,사업보고서 (2009.12),초록뱀미디어,2010.03.31,연,00299464,20100331000880
6554,기  태림페이퍼,사업보고서 (2009.12),태림페이퍼,2010.03.31,,00118460,20100331000880
6555,코  한성크린텍,사업보고서 (2009.12),한성크린텍,2010.03.31,연,00389998,20100331000880
6556,기  부산도시가스,사업보고서 (2009.12),부산도시가스,2010.03.31,연,00123967,20100331000880
6557,기  한국중부발전,사업보고서 (2009.12),한국중부발전,2010.03.31,,00396518,20100331000880
6558,기  동양매직,사업보고서 (2009.12),동양매직,2010.03.31,,00198572,20100331000880
6559,기  트라이써클,사업보고서 (2009.12),트라이써클,2010.03.31,정,00251482,20100331000880
6560,코  엠에스씨,사업보고서 (2009.12),엠에스씨,2010.03.31,,00121154,20100331000880
6561,유  한올바이오파마,사업보고서 (2009.12),한올바이오파마,2010.03.31,,00162586,20100331000880
6562,유  케이티앤지,사업보고서 (2009.12),케이티앤지,2010.03.31,연,00244455,20100331000880
6563,기  극동건설  IR,사업보고서 (2009.12),극동건설,2010.03.31,,00105086,20100331000880
6564,기  녹십자셀,사업보고서 (2009.12),녹십자셀,2010.03.31,,00198378,20100331000880
6565,코  나라엠앤디,사업보고서 (2009.12),나라엠앤디,2010.03.31,연,00297095,20100331000880
6566,유  남양유업,사업보고서 (2009.12),남양유업,2010.03.31,,00107598,20100331000880
6567,기  포앤티,사업보고서 (2009.12),포앤티,2010.03.31,,00264918,20100331000880
6568,유  농심홀딩스,사업보고서 (2009.12),농심홀딩스,2010.03.31,연,00459871,20100331000880
6569,유  현대위아,사업보고서 (2009.12),현대위아,2010.03.31,,00106623,20100331000880
6570,코  KCI,사업보고서 (2009.12),KCI,2010.03.31,,00265041,20100331000880
6571,코  대한광통신,사업보고서 (2009.12),대한광통신,2010.03.31,,00113261,20100331000880
6572,유  화천기공,사업보고서 (2009.12),화천기공,2010.03.31,연,00166519,20100331000880
6573,유  한국특강,사업보고서 (2009.12),한국특강,2010.03.31,,00124090,20100331000880
6574,코  대동스틸,사업보고서 (2009.12),대동스틸,2010.03.31,,00109268,20100331000880
6575,유  아세아제지,사업보고서 (2009.12),아세아제지,2010.03.31,연,00138729,20100331000880
6576,기  동아건설산업,사업보고서 (2009.12),동아건설산업,2010.03.31,,00116578,20100331000880
6577,코  위닉스,사업보고서 (2009.12),위닉스,2010.03.31,정연,00293886,20100331000880
6578,유  HDC현대EP,사업보고서 (2009.12),HDC현대EP,2010.03.31,연,00357935,20100331000880
6579,유  대원강업,사업보고서 (2009.12),대원강업,2010.03.31,정연,00111847,20100331000880
6580,코  NHN KCP,사업보고서 (2009.12),NHN KCP,2010.03.31,,00357740,20100331000880
6581,기  기흥관광개발,사업보고서 (2009.12),기흥관광개발,2010.03.31,정,00106720,20100331000880
6582,유  화천기계,사업보고서 (2009.12),화천기계,2010.03.31,정,00166500,20100331000880
6583,유  동방아그로,사업보고서 (2009.12),동방아그로,2010.03.31,,00115384,20100331000880
6584,유  한미사이언스,사업보고서 (2009.12),한미사이언스,2010.03.31,연,00161426,20100331000880
6585,코  엠게임,사업보고서 (2009.12),엠게임,2010.03.31,연,00397058,20100331000880
6586,기  두원중공업,사업보고서 (2009.12),두원중공업,2010.03.31,연,00119724,20100331000880
6587,코  피에이치에이,사업보고서 (2009.12),피에이치에이,2010.03.31,연,00155151,20100331000880
6588,유  비비안,사업보고서 (2009.12),비비안,2010.03.31,연,00107677,20100331000880
6589,코  케이프,사업보고서 (2009.12),케이프,2010.03.31,,00152437,20100331000880
6590,코  SBI인베스트먼트,사업보고서 (2009.12),SBI인베스트먼트,2010.03.31,연,00156910,20100331000880
6591,코  삼천리자전거,사업보고서 (2009.12),삼천리자전거,2010.03.31,연,00128607,20100331000880
6592,유  화승인더스트리,사업보고서 (2009.12),화승인더스트리,2010.03.31,연,00166227,20100331000880
6593,기  하나캐피탈,사업보고서 (2009.12),하나캐피탈,2010.03.31,,00152932,20100331000880
6594,유  서원,사업보고서 (2009.12),서원,2010.03.31,연,00131197,20100331000880
6595,기  한길,사업보고서 (2009.12),한길,2010.03.31,,00411844,20100331000880
6596,코  한탑,사업보고서 (2009.12),한탑,2010.03.31,,00140566,20100331000880
6597,기  피엘에이,사업보고서 (2009.12),피엘에이,2010.03.31,정연,00496003,20100331000880
6598,코  대동기어,사업보고서 (2009.12),대동기어,2010.03.31,,00109310,20100331000880
6599,유  동남합성,사업보고서 (2009.12),동남합성,2010.03.31,,00115065,20100331000880
6600,코  동화기업,사업보고서 (2009.12),동화기업,2010.03.31,연,00173032,20100331000880
6601,기  자유투어,사업보고서 (2009.12),자유투어,2010.03.31,,00343127,20100331000633
6602,기  어울림정보기술,사업보고서 (2009.12),어울림정보기술,2010.03.31,연,00261124,20100331000633
6603,코  대동금속,사업보고서 (2009.12),대동금속,2010.03.31,,00191287,20100331000633
6604,유  아남전자,[기재정정]사업보고서 (2009.12),아남전자,2010.03.31,연,00138516,20100331000633
6605,유  세이브존I&C,사업보고서 (2009.12),세이브존I&C,2010.03.31,연,00422895,20100331000633
6606,코  디에스케이,사업보고서 (2009.12),디에스케이,2010.03.31,,00530121,20100331000633
6607,코  한국알콜,사업보고서 (2009.12),한국알콜,2010.03.31,연,00158565,20100331000633
6608,코  PN풍년,사업보고서 (2009.12),PN풍년,2010.03.31,,00133557,20100331000633
6609,기  경남기업,사업보고서 (2009.12),경남기업,2010.03.31,연,00101257,20100331000633
6610,유  조일알미늄,[기재정정]사업보고서 (2009.12),조일알미늄,2010.03.31,,00149239,20100331000633
6611,기  어울림네트웍스,사업보고서 (2009.12),어울림네트웍스,2010.03.31,연,00264741,20100331000633
6612,유  에스엠벡셀,[기재정정]사업보고서 (2009.12),에스엠벡셀,2010.03.31,,00147860,20100331000633
6613,유  신라교역,사업보고서 (2009.12),신라교역,2010.03.31,연,00135962,20100331000633
6614,코  에프알텍,사업보고서 (2009.12),에프알텍,2010.03.31,,00442561,20100331000633
6615,코  신화인터텍,사업보고서 (2009.12),신화인터텍,2010.03.31,연,00228350,20100331000633
6616,유  휴스틸,사업보고서 (2009.12),휴스틸,2010.03.31,연,00156488,20100331000633
6617,코  토탈소프트,사업보고서 (2009.12),토탈소프트,2010.03.31,,00355089,20100331000633
6618,코  동일기연,사업보고서 (2009.12),동일기연,2010.03.31,정,00199076,20100331000633
6619,코  HLB  IR,사업보고서 (2009.12),HLB,2010.03.31,연,00199252,20100331000633
6620,유  에쓰씨엔지니어링,사업보고서 (2009.12),에쓰씨엔지니어링,2010.03.31,연,00121969,20100331000633
6621,유  엔케이,사업보고서 (2009.12),엔케이,2010.03.31,연,00172228,20100331000633
6622,코  APS,사업보고서 (2009.12),APS,2010.03.31,,00296078,20100331000633
6623,코  에스넷,사업보고서 (2009.12),에스넷,2010.03.31,연,00264635,20100331000633
6624,코  에스에프에이,사업보고서 (2009.12),에스에프에이,2010.03.31,연,00358271,20100331000633
6625,코  인지디스플레,사업보고서 (2009.12),인지디스플레,2010.03.31,연,00265421,20100331000633
6626,기  제넥셀세인,사업보고서 (2009.12),제넥셀세인,2010.03.31,,00211271,20100331000633
6627,유  한솔홀딩스,사업보고서 (2009.12),한솔홀딩스,2010.03.31,연,00171636,20100331000633
6628,유  삼익악기,[기재정정]사업보고서 (2009.12),삼익악기,2010.03.31,연,00127857,20100331000633
6629,기  경주신라컨트리클럽,사업보고서 (2009.12),경주신라컨트리클럽,2010.03.31,,00413444,20100331000633
6630,코  디에이치엑스컴퍼니,사업보고서 (2009.12),디에이치엑스컴퍼니,2010.03.31,,00180865,20100331000633
6631,기  이매진아시아  IR,사업보고서 (2009.12),이매진아시아,2010.03.31,,00122339,20100331000633
6632,기  이마트에브리데이,사업보고서 (2009.12),이마트에브리데이,2010.03.31,,00164308,20100331000633
6633,코  이녹스,사업보고서 (2009.12),이녹스,2010.03.31,,00494476,20100331000633
6634,기  지앤디윈텍,사업보고서 (2009.12),지앤디윈텍,2010.03.31,정,00335924,20100331000633
6635,기  엠엔에프씨,사업보고서 (2009.12),엠엔에프씨,2010.03.31,정연,00236368,20100331000633
6636,코  큐캐피탈,사업보고서 (2009.12),큐캐피탈,2010.03.31,연,00267942,20100331000633
6637,유  LS네트웍스,사업보고서 (2009.12),LS네트웍스,2010.03.31,정연,00104698,20100331000633
6638,코  안랩,사업보고서 (2009.12),안랩,2010.03.31,,00298270,20100331000633
6639,코  에스텍,사업보고서 (2009.12),에스텍,2010.03.31,연,00306719,20100331000633
6640,코  제이스텍,사업보고서 (2009.12),제이스텍,2010.03.31,,00493185,20100331000633
6641,기  두타몰,사업보고서 (2009.12),두타몰,2010.03.31,,00646574,20100331000633
6642,유  엔씨소프트,사업보고서 (2009.12),엔씨소프트,2010.03.31,정연,00261443,20100331000633
6643,기  에이프로테크놀로지,사업보고서 (2009.12),에이프로테크놀로지,2010.03.31,,00264811,20100331000633
6644,코  테라사이언스,사업보고서 (2009.12),테라사이언스,2010.03.31,정연,00373021,20100331000633
6645,코  삼륭물산,사업보고서 (2009.12),삼륭물산,2010.03.31,,00125488,20100331000633
6646,기  현대엠코,사업보고서 (2009.12),현대엠코,2010.03.31,연,00445513,20100331000633
6647,유  SGC에너지,사업보고서 (2009.12),SGC에너지,2010.03.31,연,00125150,20100331000633
6648,코  진양제약,사업보고서 (2009.12),진양제약,2010.03.31,,00150536,20100331000633
6649,유  대영포장,[기재정정]사업보고서 (2009.12),대영포장,2010.03.31,,00111458,20100331000633
6650,기  에스케이이엔에스  IR,사업보고서 (2009.12),에스케이이엔에스,2010.03.31,연,00267058,20100331000633
6651,코  SCI평가정보,사업보고서 (2009.12),SCI평가정보,2010.03.31,정,00260745,20100331000633
6652,코  파워로직스,사업보고서 (2009.12),파워로직스,2010.03.31,연,00269612,20100331000633
6653,유  금양,사업보고서 (2009.12),금양,2010.03.31,연,00106119,20100331000633
6654,코  비엠티,사업보고서 (2009.12),비엠티,2010.03.31,,00524786,20100331000633
6655,코  케이에스피,사업보고서 (2009.12),케이에스피,2010.03.31,,00328191,20100331000633
6656,기  선팩테크,사업보고서 (2009.12),선팩테크,2010.03.31,,00299376,20100331000633
6657,기  에이스앤파트너스,사업보고서 (2009.12),에이스앤파트너스,2010.03.31,연,00200798,20100331000633
6658,코  KX하이텍,사업보고서 (2009.12),KX하이텍,2010.03.31,,00276834,20100331000633
6659,기  아이이,사업보고서 (2009.12),아이이,2010.03.31,,00100717,20100331000633
6660,기  한국아트라스비엑스,사업보고서 (2009.12),한국아트라스비엑스,2010.03.31,,00159290,20100331000633
6661,유  동원F&B,사업보고서 (2009.12),동원F&B,2010.03.31,연,00340917,20100331000633
6662,유  동아지질,사업보고서 (2009.12),동아지질,2010.03.31,정,00178754,20100331000633
6663,유  한신공영,사업보고서 (2009.12),한신공영,2010.03.31,정,00162063,20100331000633
6664,유  조광피혁,사업보고서 (2009.12),조광피혁,2010.03.31,,00148939,20100331000633
6665,코  이트론,사업보고서 (2009.12),이트론,2010.03.31,,00480756,20100331000633
6666,코  마이크로컨텍솔,사업보고서 (2009.12),마이크로컨텍솔,2010.03.31,,00568188,20100331000633
6667,코  조아제약,사업보고서 (2009.12),조아제약,2010.03.31,,00231831,20100331000633
6668,코  삼아제약,사업보고서 (2009.12),삼아제약,2010.03.31,,00126788,20100331000633
6669,기  범양사,사업보고서 (2009.12),범양사,2010.03.31,,00122728,20100331000633
6670,기  농업회사법인고창황토배기유통,사업보고서 (2009.12),농업회사법인고창황토배기유통,2010.03.31,,00637901,20100331000633
6671,코  한국선재,사업보고서 (2009.12),한국선재,2010.03.31,정연,00158015,20100331000633
6672,기  남산물산,사업보고서 (2009.12),남산물산,2010.03.31,,00188122,20100331000633
6673,유  서울식품공업,사업보고서 (2009.12),서울식품공업,2010.03.31,,00130879,20100331000633
6674,코  솔브레인홀딩스,사업보고서 (2009.12),솔브레인홀딩스,2010.03.31,연,00247975,20100331000633
6675,유  한국전자홀딩스,사업보고서 (2009.12),한국전자홀딩스,2010.03.31,연,00159254,20100331000633
6676,유  SK하이닉스,사업보고서 (2009.12),SK하이닉스,2010.03.31,연,00164779,20100331000633
6677,코  플레이위드,사업보고서 (2009.12),플레이위드,2010.03.31,연,00138367,20100331000633
6678,기  스포츠서울,사업보고서 (2009.12),스포츠서울,2010.03.31,정연,00298687,20100331000633
6679,유  더존비즈온,사업보고서 (2009.12),더존비즈온,2010.03.31,연,00172291,20100331000633
6680,코  코아시아,사업보고서 (2009.12),코아시아,2010.03.31,정연,00271501,20100331000633
6681,코  한국정밀기계,사업보고서 (2009.12),한국정밀기계,2010.03.31,,00257732,20100331000633
6682,코  일지테크,사업보고서 (2009.12),일지테크,2010.03.31,,00146560,20100331000633
6683,유  영진약품,사업보고서 (2009.12),영진약품,2010.03.31,,00141149,20100331000633
6684,유  삼진제약,사업보고서 (2009.12),삼진제약,2010.03.31,,00128412,20100331000633
6685,유  NICE평가정보,사업보고서 (2009.12),NICE평가정보,2010.03.31,연,00158325,20100331000633
6686,유  극동유화,사업보고서 (2009.12),극동유화,2010.03.31,,00105156,20100331000633
6687,기  엔터미디어,사업보고서 (2009.12),엔터미디어,2010.03.31,연,00407975,20100331000633
6688,기  인프라넷  IR,사업보고서 (2009.12),인프라넷,2010.03.31,,00263779,20100331000633
6689,코  SGA,사업보고서 (2009.12),SGA,2010.03.31,,00351579,20100331000633
6690,유  아이에이치큐,사업보고서 (2009.12),아이에이치큐,2010.03.31,,00154426,20100331000633
6691,코  우진비앤지,사업보고서 (2009.12),우진비앤지,2010.03.31,,00103547,20100331000633
6692,유  수산중공업,사업보고서 (2009.12),수산중공업,2010.03.31,연,00135111,20100331000633
6693,기  와이앤넥스트,사업보고서 (2009.12),와이앤넥스트,2010.03.31,연,00495554,20100331000633
6694,유  풍산홀딩스,사업보고서 (2009.12),풍산홀딩스,2010.03.31,연,00155531,20100331000633
6695,기  하스코  IR,사업보고서 (2009.12),하스코,2010.03.31,,00116806,20100331000633
6696,유  KEC,사업보고서 (2009.12),KEC,2010.03.31,연,00589127,20100331000633
6697,코  아이패밀리에스씨,사업보고서 (2009.12),아이패밀리에스씨,2010.03.31,,00692254,20100331000633
6698,코  SOOP  IR,사업보고서 (2009.12),SOOP,2010.03.31,,00399694,20100331000633
6699,기  제이에스,사업보고서 (2009.12),제이에스,2010.03.31,,00246189,20100331000633
6700,유  새론오토모티브,사업보고서 (2009.12),새론오토모티브,2010.03.31,연,00305668,20100331000633
6701,코  동국산업,사업보고서 (2009.12),동국산업,2010.03.31,연,00172680,20100331000410
6702,유  유성기업,사업보고서 (2009.12),유성기업,2010.03.31,연,00174004,20100331000410
6703,유  태원물산,사업보고서 (2009.12),태원물산,2010.03.31,,00154055,20100331000410
6704,유  남광토건,사업보고서 (2009.12),남광토건,2010.03.31,정연,00107066,20100331000410
6705,코  한빛소프트,사업보고서 (2009.12),한빛소프트,2010.03.31,정,00348292,20100331000410
6706,코  삼천당제약,사업보고서 (2009.12),삼천당제약,2010.03.31,,00128546,20100331000410
6707,코  프럼파스트,사업보고서 (2009.12),프럼파스트,2010.03.31,,00356389,20100331000410
6708,기  에스지신성건설,사업보고서 (2009.12),에스지신성건설,2010.03.31,정연,00173661,20100331000410
6709,코  에이텍,사업보고서 (2009.12),에이텍,2010.03.31,정,00256502,20100331000410
6710,코  크레버스,사업보고서 (2009.12),크레버스,2010.03.31,,00525882,20100331000410
6711,코  CMG제약  IR,사업보고서 (2009.12),CMG제약,2010.03.31,정,00380429,20100331000410
6712,코  동국S&C,사업보고서 (2009.12),동국S&C,2010.03.31,,00415594,20100331000410
6713,기  하이트맥주,사업보고서 (2009.12),하이트맥주,2010.03.31,연,00684547,20100331000410
6714,기  하이디스테크놀로지,사업보고서 (2009.12),하이디스테크놀로지,2010.03.31,연,00481409,20100331000410
6715,코  큐에스아이,사업보고서 (2009.12),큐에스아이,2010.03.31,연,00411446,20100331000410
6716,기  티에이케이정보시스템,사업보고서 (2009.12),티에이케이정보시스템,2010.03.31,,00249098,20100331000410
6717,기  여천NCC,사업보고서 (2009.12),여천NCC,2010.03.31,,00278373,20100331000410
6718,코  성창오토텍,사업보고서 (2009.12),성창오토텍,2010.03.31,연,00486370,20100331000410
6719,기  우방,사업보고서 (2009.12),우방,2010.03.31,,00142564,20100331000410
6720,기  모아에스앤에스,사업보고서 (2009.12),모아에스앤에스,2010.03.31,연,00350251,20100331000410
6721,코  스타코링크,사업보고서 (2009.12),스타코링크,2010.03.31,,00373571,20100331000410
6722,코  서울바이오시스,사업보고서 (2009.12),서울바이오시스,2010.03.31,,00488402,20100331000410
6723,코  텔레칩스,사업보고서 (2009.12),텔레칩스,2010.03.31,연,00423177,20100331000410
6724,코  켐트로닉스,사업보고서 (2009.12),켐트로닉스,2010.03.31,연,00371485,20100331000410
6725,코  그래디언트,사업보고서 (2009.12),그래디언트,2010.03.31,연,00244561,20100331000410
6726,코  오성첨단소재,사업보고서 (2009.12),오성첨단소재,2010.03.31,연,00350048,20100331000410
6727,유  크라운해태홀딩스,사업보고서 (2009.12),크라운해태홀딩스,2010.03.31,연,00153126,20100331000410
6728,유  한세예스24홀딩스,[기재정정]사업보고서 (2009.12),한세예스24홀딩스,2010.03.31,연,00161976,20100331000410
6729,유  유엔젤,사업보고서 (2009.12),유엔젤,2010.03.31,,00416654,20100331000410
6730,유  진양화학,사업보고서 (2009.12),진양화학,2010.03.31,,00347734,20100331000410
6731,코  티에스넥스젠,사업보고서 (2009.12),티에스넥스젠,2010.03.31,,00317487,20100331000410
6732,기  천지산업,사업보고서 (2009.12),천지산업,2010.03.31,연,00151447,20100331000410
6733,코  동일스틸럭스,사업보고서 (2009.12),동일스틸럭스,2010.03.31,,00172945,20100331000410
6734,코  성우테크론,사업보고서 (2009.12),성우테크론,2010.03.31,연,00350482,20100331000410
6735,코  안국약품,사업보고서 (2009.12),안국약품,2010.03.31,,00139205,20100331000410
6736,코  휴림로봇,사업보고서 (2009.12),휴림로봇,2010.03.31,,00540429,20100331000410
6737,기  아시아미디어홀딩스,사업보고서 (2009.12),아시아미디어홀딩스,2010.03.31,,00355292,20100331000410
6738,유  삼정펄프,사업보고서 (2009.12),삼정펄프,2010.03.31,,00128227,20100331000410
6739,유  국보,사업보고서 (2009.12),국보,2010.03.31,,00104519,20100331000410
6740,유  대창,사업보고서 (2009.12),대창,2010.03.31,,00112651,20100331000410
6741,코  유비케어,사업보고서 (2009.12),유비케어,2010.03.31,,00220057,20100331000410
6742,기  아이디에스,사업보고서 (2009.12),아이디에스,2010.03.31,연,00446460,20100331000410
6743,유  KTis,사업보고서 (2009.12),KTis,2010.03.31,,00372873,20100331000410
6744,유  신풍제약,사업보고서 (2009.12),신풍제약,2010.03.31,연,00137359,20100331000410
6745,코  파라텍,사업보고서 (2009.12),파라텍,2010.03.31,,00105138,20100331000410
6746,기  SBS미디어홀딩스,사업보고서 (2009.12),SBS미디어홀딩스,2010.03.31,연,00650629,20100331000410
6747,코  유아이엘,사업보고서 (2009.12),유아이엘,2010.03.31,연,00256380,20100331000410
6748,유  티비에이치글로벌,[기재정정]사업보고서 (2009.12),티비에이치글로벌,2010.03.31,연,00409672,20100331000410
6749,코  에너토크,사업보고서 (2009.12),에너토크,2010.03.31,,00169215,20100331000410
6750,코  한일사료,사업보고서 (2009.12),한일사료,2010.03.31,연,00162911,20100331000410
6751,기  트레이스,사업보고서 (2009.12),트레이스,2010.03.31,정,00348177,20100331000410
6752,기  더존홀딩스,사업보고서 (2009.12),더존홀딩스,2010.03.31,,00463449,20100331000410
6753,코  비엘팜텍,사업보고서 (2009.12),비엘팜텍,2010.03.31,연,00384717,20100331000410
6754,기  금강제강,사업보고서 (2009.12),금강제강,2010.03.31,정연,00579379,20100331000410
6755,유  유한양행,사업보고서 (2009.12),유한양행,2010.03.31,연,00145109,20100331000410
6756,기  미래엔,사업보고서 (2009.12),미래엔,2010.03.31,연,00112873,20100331000410
6757,기  포스코에너지,사업보고서 (2009.12),포스코에너지,2010.03.31,,00306135,20100331000410
6758,코  디오,사업보고서 (2009.12),디오,2010.03.31,,00115931,20100331000410
6759,기  신양오라컴디스플레이,사업보고서 (2009.12),신양오라컴디스플레이,2010.03.31,연,00317830,20100331000410
6760,코  TJ미디어,사업보고서 (2009.12),TJ미디어,2010.03.31,,00201733,20100331000410
6761,코  MIT,사업보고서 (2009.12),MIT,2010.03.31,연,00215976,20100331000410
6762,코  티플랙스,사업보고서 (2009.12),티플랙스,2010.03.31,,00497631,20100331000410
6763,코  삼진,사업보고서 (2009.12),삼진,2010.03.31,연,00173351,20100331000410
6764,기  넥상스코리아,사업보고서 (2009.12),넥상스코리아,2010.03.31,연,00110547,20100331000410
6765,코  서린바이오,사업보고서 (2009.12),서린바이오,2010.03.31,,00373447,20100331000410
6766,코  쎌바이오텍,사업보고서 (2009.12),쎌바이오텍,2010.03.31,,00357430,20100331000410
6767,기  패션플러스,사업보고서 (2009.12),패션플러스,2010.03.31,,00268701,20100331000410
6768,유  율촌화학,[기재정정]사업보고서 (2009.12),율촌화학,2010.03.31,,00145260,20100331000410
6769,코  대성파인텍,사업보고서 (2009.12),대성파인텍,2010.03.31,,00442905,20100331000410
6770,코  피씨디렉트,사업보고서 (2009.12),피씨디렉트,2010.03.31,,00297934,20100331000410
6771,기  에이치디현대삼호,사업보고서 (2009.12),에이치디현대삼호,2010.03.31,연,00332468,20100331000410
6772,유  영보화학,사업보고서 (2009.12),영보화학,2010.03.31,,00140779,20100331000410
6773,코  크린앤사이언스,사업보고서 (2009.12),크린앤사이언스,2010.03.31,,00185222,20100331000410
6774,기  우리은행,사업보고서 (2009.12),우리은행,2010.03.31,연,00254045,20100331000410
6775,기  호반산업,사업보고서 (2009.12),호반산업,2010.03.31,,00144766,20100331000410
6776,유  보해양조,사업보고서 (2009.12),보해양조,2010.03.31,연,00123541,20100331000410
6777,유  유나이티드,사업보고서 (2009.12),유나이티드,2010.03.31,,00158963,20100331000410
6778,유  조일알미늄,사업보고서 (2009.12),조일알미늄,2010.03.31,정,00149239,20100331000410
6779,유  플레이그램,사업보고서 (2009.12),플레이그램,2010.03.31,,00103130,20100331000410
6780,유  DN오토모티브,사업보고서 (2009.12),DN오토모티브,2010.03.31,연,00116949,20100331000410
6781,코  원익큐브,사업보고서 (2009.12),원익큐브,2010.03.31,,00128175,20100331000410
6782,유  부산주공,[기재정정]사업보고서 (2009.12),부산주공,2010.03.31,,00124151,20100331000410
6783,코  테라젠이텍스,사업보고서 (2009.12),테라젠이텍스,2010.03.31,연,00249894,20100331000410
6784,기  SK실트론,사업보고서 (2009.12),SK실트론,2010.03.31,연,00138020,20100331000410
6785,코  웨이브일렉트로,사업보고서 (2009.12),웨이브일렉트로,2010.03.31,,00526696,20100331000410
6786,기  에이팸,사업보고서 (2009.12),에이팸,2010.03.31,연,00235147,20100331000410
6787,기  푸른일삼일팔,사업보고서 (2009.12),푸른일삼일팔,2010.03.31,,00332538,20100331000410
6788,코  원풍,사업보고서 (2009.12),원풍,2010.03.31,,00144012,20100331000410
6789,기  엠캐피탈,사업보고서 (2009.12),엠캐피탈,2010.03.31,,00248938,20100331000410
6790,유  KISCO홀딩스,사업보고서 (2009.12),KISCO홀딩스,2010.03.31,연,00159740,20100331000410
6791,코  삼진엘앤디,사업보고서 (2009.12),삼진엘앤디,2010.03.31,연,00239514,20100331000410
6792,유  지엠비코리아,사업보고서 (2009.12),지엠비코리아,2010.03.31,,00156354,20100331000410
6793,유  덕양산업,사업보고서 (2009.12),덕양산업,2010.03.31,,00114154,20100331000410
6794,코  엔시트론,사업보고서 (2009.12),엔시트론,2010.03.31,,00641393,20100331000410
6795,기  유정메디칼,사업보고서 (2009.12),유정메디칼,2010.03.31,,00268394,20100331000410
6796,코  SDN,사업보고서 (2009.12),SDN,2010.03.31,연,00574611,20100331000410
6797,코  아이크래프트,사업보고서 (2009.12),아이크래프트,2010.03.31,,00405719,20100331000410
6798,코  대주산업,사업보고서 (2009.12),대주산업,2010.03.31,,00112457,20100331000410
6799,코  심텍홀딩스,사업보고서 (2009.12),심텍홀딩스,2010.03.31,연,00152127,20100331000410
6800,코  유니테스트,사업보고서 (2009.12),유니테스트,2010.03.31,,00540447,20100331000410
6801,유  진양폴리우레탄,사업보고서 (2009.12),진양폴리우레탄,2010.03.31,,00160375,20100331000196
6802,기  오스템임플란트,사업보고서 (2009.12),오스템임플란트,2010.03.31,연,00341916,20100331000196
6803,기  삼미,사업보고서 (2009.12),삼미,2010.03.31,,00125655,20100331000196
6804,코  셀트리온제약,[기재정정]사업보고서 (2009.12),셀트리온제약,2010.03.31,,00541349,20100331000196
6805,코  이스트소프트,사업보고서 (2009.12),이스트소프트,2010.03.31,,00273420,20100331000196
6806,코  서울전자통신,사업보고서 (2009.12),서울전자통신,2010.03.31,연,00130587,20100331000196
6807,유  한국철강,사업보고서 (2009.12),한국철강,2010.03.31,,00687711,20100331000196
6808,기  한프,사업보고서 (2009.12),한프,2010.03.31,연,00226228,20100331000196
6809,기  텔라움,사업보고서 (2009.12),텔라움,2010.03.31,,00304401,20100331000196
6810,유  대영포장,사업보고서 (2009.12),대영포장,2010.03.31,정,00111458,20100331000196
6811,유  다우기술,사업보고서 (2009.12),다우기술,2010.03.31,정연,00176914,20100331000196
6812,유  퍼시스,사업보고서 (2009.12),퍼시스,2010.03.31,,00161709,20100331000196
6813,유  DL,사업보고서 (2009.12),DL,2010.03.31,연,00109693,20100331000196
6814,기  디비메탈,사업보고서 (2009.12),디비메탈,2010.03.31,,00652016,20100331000196
6815,유  LG헬로비전,사업보고서 (2009.12),LG헬로비전,2010.03.31,,00222532,20100331000196
6816,기  한솔아트원제지,사업보고서 (2009.12),한솔아트원제지,2010.03.31,,00137702,20100331000196
6817,기  신동방CP,사업보고서 (2009.12),신동방CP,2010.03.31,,00115427,20100331000196
6818,코  이원컴포텍,사업보고서 (2009.12),이원컴포텍,2010.03.31,정,00409140,20100331000196
6819,유  KG케미칼,사업보고서 (2009.12),KG케미칼,2010.03.31,정연,00101220,20100331000196
6820,기  신텍,사업보고서 (2009.12),신텍,2010.03.31,정,00599887,20100331000196
6821,코  보성파워텍,사업보고서 (2009.12),보성파워텍,2010.03.31,,00267881,20100331000196
6822,기  신비앤텍,사업보고서 (2009.12),신비앤텍,2010.03.31,,00446479,20100331000196
6823,코  아이윈,사업보고서 (2009.12),아이윈,2010.03.31,,00365624,20100331000196
6824,코  제우스,사업보고서 (2009.12),제우스,2010.03.31,연,00442570,20100331000196
6825,코  인탑스,사업보고서 (2009.12),인탑스,2010.03.31,연,00226866,20100331000196
6826,유  삼영무역,사업보고서 (2009.12),삼영무역,2010.03.31,,00127167,20100331000196
6827,유  현대리바트,사업보고서 (2009.12),현대리바트,2010.03.31,정,00300548,20100331000196
6828,기  환영철강공업,사업보고서 (2009.12),환영철강공업,2010.03.31,,00166546,20100331000196
6829,유  다스코  IR,사업보고서 (2009.12),다스코,2010.03.31,,00353878,20100331000196
6830,기  유리이에스,사업보고서 (2009.12),유리이에스,2010.03.31,,00128731,20100331000196
6831,코  케이엠,사업보고서 (2009.12),케이엠,2010.03.31,연,00242934,20100331000196
6832,유  영풍제지,사업보고서 (2009.12),영풍제지,2010.03.31,,00141404,20100331000196
6833,코  SM C&C,사업보고서 (2009.12),SM C&C,2010.03.31,,00185046,20100331000196
6834,코  하이록코리아,사업보고서 (2009.12),하이록코리아,2010.03.31,,00165060,20100331000196
6835,기  케이피케미칼,사업보고서 (2009.12),케이피케미칼,2010.03.31,연,00399773,20100331000196
6836,코  엠투엔,사업보고서 (2009.12),엠투엔,2010.03.31,,00143226,20100331000196
6837,유  대원제약,사업보고서 (2009.12),대원제약,2010.03.31,,00111999,20100331000196
6838,유  SBS,사업보고서 (2009.12),SBS,2010.03.31,연,00130772,20100331000196
6839,기  옥션,사업보고서 (2009.12),옥션,2010.03.31,,00264130,20100331000196
6840,코  푸드웰,사업보고서 (2009.12),푸드웰,2010.03.31,정연,00165103,20100331000196
6841,유  노루페인트,사업보고서 (2009.12),노루페인트,2010.03.31,연,00583442,20100331000196
6842,유  우신시스템,사업보고서 (2009.12),우신시스템,2010.03.31,정연,00142883,20100331000196
6843,기  엔에스브이,사업보고서 (2009.12),엔에스브이,2010.03.31,,00447478,20100331000196
6844,코  미코,사업보고서 (2009.12),미코,2010.03.31,정연,00366942,20100331000196
6845,유  대현,사업보고서 (2009.12),대현,2010.03.31,정연,00113614,20100331000196
6846,기  한국애보트진단,[첨부정정]사업보고서 (2009.12),한국애보트진단,2010.03.31,,00317089,20100331000196
6847,기  동성화학,사업보고서 (2009.12),동성화학,2010.03.31,,00116356,20100331000196
6848,코  무림SP,사업보고서 (2009.12),무림SP,2010.03.31,,00121507,20100331000196
6849,코  팬엔터테인먼트,사업보고서 (2009.12),팬엔터테인먼트,2010.03.31,,00397191,20100331000196
6850,코  레드캡투어  IR,사업보고서 (2009.12),레드캡투어,2010.03.31,,00261355,20100331000196
6851,유  무림페이퍼,사업보고서 (2009.12),무림페이퍼,2010.03.31,연,00136086,20100331000196
6852,유  신풍,사업보고서 (2009.12),신풍,2010.03.31,,00137368,20100331000196
6853,코  대창솔루션,사업보고서 (2009.12),대창솔루션,2010.03.31,,00177870,20100331000196
6854,유  성보화학,사업보고서 (2009.12),성보화학,2010.03.31,,00132725,20100331000196
6855,기  우전,사업보고서 (2009.12),우전,2010.03.31,정연,00291231,20100331000196
6856,기  세계투어,사업보고서 (2009.12),세계투어,2010.03.31,,00258944,20100331000196
6857,유  아세아,사업보고서 (2009.12),아세아,2010.03.31,연,00138701,20100331000196
6858,기  태광이엔시,사업보고서 (2009.12),태광이엔시,2010.03.31,,00320807,20100331000196
6859,코  비케이홀딩스,사업보고서 (2009.12),비케이홀딩스,2010.03.31,,00369569,20100331000196
6860,유  우진플라임,사업보고서 (2009.12),우진플라임,2010.03.31,연,00303217,20100331000196
6861,코  동아화성,사업보고서 (2009.12),동아화성,2010.03.31,정연,00199988,20100331000196
6862,유  한세예스24홀딩스,사업보고서 (2009.12),한세예스24홀딩스,2010.03.31,정연,00161976,20100331000196
6863,기  스틸플라워,사업보고서 (2009.12),스틸플라워,2010.03.31,,00454265,20100331000196
6864,유  화승코퍼레이션,사업보고서 (2009.12),화승코퍼레이션,2010.03.31,연,00166272,20100331000196
6865,유  조광페인트,사업보고서 (2009.12),조광페인트,2010.03.31,,00148920,20100331000196
6866,유  NICE,사업보고서 (2009.12),NICE,2010.03.31,연,00158316,20100331000196
6867,유  서울도시가스,사업보고서 (2009.12),서울도시가스,2010.03.31,정연,00130684,20100331000196
6868,코  한국컴퓨터,사업보고서 (2009.12),한국컴퓨터,2010.03.31,,00303396,20100331000196
6869,유  전방,사업보고서 (2009.12),전방,2010.03.31,정연,00147222,20100331000196
6870,기  유성티에스아이,사업보고서 (2009.12),유성티에스아이,2010.03.31,,00144562,20100331000196
6871,코  테스,사업보고서 (2009.12),테스,2010.03.31,,00524421,20100331000196
6872,기  동부씨엔아이,사업보고서 (2009.12),동부씨엔아이,2010.03.31,,00240370,20100331000196
6873,유  금강공업,사업보고서 (2009.12),금강공업,2010.03.31,연,00105299,20100331000196
6874,유  원림,사업보고서 (2009.12),원림,2010.03.31,정연,00143794,20100331000196
6875,코  플랜티넷,사업보고서 (2009.12),플랜티넷,2010.03.31,,00490179,20100331000196
6876,기  한겨레신문,사업보고서 (2009.12),한겨레신문,2010.03.31,,00156275,20100331000196
6877,코  대산F&B  IR,사업보고서 (2009.12),대산F&B,2010.03.31,,00390860,20100331000196
6878,유  티비에이치글로벌,사업보고서 (2009.12),티비에이치글로벌,2010.03.31,정연,00409672,20100331000196
6879,기  네오슈테른테크놀로지,사업보고서 (2009.12),네오슈테른테크놀로지,2010.03.31,,00359766,20100331000196
6880,코  금강철강,사업보고서 (2009.12),금강철강,2010.03.31,,00105475,20100331000196
6881,기  마이다스아이티  IR,사업보고서 (2009.12),마이다스아이티,2010.03.31,,00340005,20100331000196
6882,유  LF,사업보고서 (2009.12),LF,2010.03.31,,00593032,20100331000196
6883,코  시공테크,사업보고서 (2009.12),시공테크,2010.03.31,연,00170026,20100331000196
6884,기  케이씨더블류,사업보고서 (2009.12),케이씨더블류,2010.03.31,연,00175650,20100331000196
6885,기  우림건설,사업보고서 (2009.12),우림건설,2010.03.31,,00194248,20100331000196
6886,코  진매트릭스,사업보고서 (2009.12),진매트릭스,2010.03.31,,00552992,20100331000196
6887,유  대원화성,사업보고서 (2009.12),대원화성,2010.03.31,연,00112022,20100331000196
6888,기  럭슬,사업보고서 (2009.12),럭슬,2010.03.31,,00264787,20100331000196
6889,유  한국항공우주,사업보고서 (2009.12),한국항공우주,2010.03.31,,00309503,20100331000196
6890,유  팜스코,사업보고서 (2009.12),팜스코,2010.03.31,,00260408,20100331000196
6891,코  대륙제관,사업보고서 (2009.12),대륙제관,2010.03.31,,00109587,20100331000196
6892,코  화일약품,사업보고서 (2009.12),화일약품,2010.03.31,,00188973,20100331000196
6893,유  사조오양,사업보고서 (2009.12),사조오양,2010.03.31,,00141875,20100331000196
6894,기  씨제이인터넷,사업보고서 (2009.12),씨제이인터넷,2010.03.31,연,00248691,20100331000196
6895,코  에스피지  IR,사업보고서 (2009.12),에스피지,2010.03.31,정연,00220686,20100331000196
6896,코  유니셈,사업보고서 (2009.12),유니셈,2010.03.31,,00260569,20100331000196
6897,유  삼성공조,사업보고서 (2009.12),삼성공조,2010.03.31,연,00126201,20100331000196
6898,코  모베이스전자,사업보고서 (2009.12),모베이스전자,2010.03.31,연,00137234,20100331000196
6899,유  부산주공,사업보고서 (2009.12),부산주공,2010.03.31,정,00124151,20100331000196
6900,코  디지아이,사업보고서 (2009.12),디지아이,2010.03.31,연,00295547,20100331000196
6901,코  제일바이오,사업보고서 (2009.12),제일바이오,2010.03.31,,00185505,20100330001261
6902,기  케이디파워,사업보고서 (2009.12),케이디파워,2010.03.31,,00270089,20100330001261
6903,기  건영,사업보고서 (2009.12),건영,2010.03.31,,00100957,20100330001261
6904,기  선진지주,사업보고서 (2009.12),선진지주,2010.03.31,연,00132114,20100330001261
6905,유  미래산업,사업보고서 (2009.12),미래산업,2010.03.31,,00197759,20100330001261
6906,코  영풍정밀,사업보고서 (2009.12),영풍정밀,2010.03.31,,00141389,20100330001261
6907,유  DRB동일,사업보고서 (2009.12),DRB동일,2010.03.31,연,00118266,20100330001261
6908,코  상보,사업보고서 (2009.12),상보,2010.03.31,,00129615,20100330001261
6909,코  파세코,사업보고서 (2009.12),파세코,2010.03.31,,00238153,20100330001261
6910,코  CSA 코스믹,사업보고서 (2009.12),CSA 코스믹,2010.03.31,,00406037,20100330001261
6911,기  테크팩솔루션,사업보고서 (2009.12),테크팩솔루션,2010.03.31,,00797133,20100330001261
6912,유  에스제이엠홀딩스,사업보고서 (2009.12),에스제이엠홀딩스,2010.03.31,연,00181943,20100330001261
6913,코  푸른소나무,사업보고서 (2009.12),푸른소나무,2010.03.31,,00410739,20100330001261
6914,유  디아이씨,사업보고서 (2009.12),디아이씨,2010.03.31,연,00112165,20100330001261
6915,유  모나용평,사업보고서 (2009.12),모나용평,2010.03.31,,00365989,20100330001261
6916,코  세보엠이씨,사업보고서 (2009.12),세보엠이씨,2010.03.31,,00133876,20100330001261
6917,유  조비,사업보고서 (2009.12),조비,2010.03.31,,00148948,20100330001261
6918,코  대원미디어,사업보고서 (2009.12),대원미디어,2010.03.31,연,00351807,20100330001261
6919,유  CJ CGV,사업보고서 (2009.12),CJ CGV,2010.03.31,연,00303873,20100330001261
6920,기  월드웨이,사업보고서 (2009.12),월드웨이,2010.03.31,,00405597,20100330001261
6921,코  동국제약,사업보고서 (2009.12),동국제약,2010.03.31,,00114808,20100330001261
6922,기  케이알제2호개발전문위탁관리부동산투자회사,사업보고서 (2009.12),케이알제2호개발전문위탁관리부동산투자회사,2010.03.31,,00647917,20100330001261
6923,유  풀무원,사업보고서 (2009.12),풀무원,2010.03.31,연,00155355,20100330001261
6924,기  유코카캐리어스,사업보고서 (2009.12),유코카캐리어스,2010.03.31,,00436144,20100330001261
6925,유  한솔로지스틱스,사업보고서 (2009.12),한솔로지스틱스,2010.03.31,,00140946,20100330001261
6926,코  백금T&A  IR,사업보고서 (2009.12),백금T&A,2010.03.31,연,00360036,20100330001261
6927,코  ES큐브  IR,사업보고서 (2009.12),ES큐브,2010.03.31,,00175623,20100330001261
6928,코  에쎈테크,사업보고서 (2009.12),에쎈테크,2010.03.31,,00203209,20100330001261
6929,기  코리아로터리서비스,사업보고서 (2009.12),코리아로터리서비스,2010.03.31,연,00171052,20100330001261
6930,유  넥센,사업보고서 (2009.12),넥센,2010.03.31,연,00167192,20100330001261
6931,기  이디디컴퍼니,사업보고서 (2009.12),이디디컴퍼니,2010.03.31,,00329677,20100330001261
6932,코  제이에스티나,사업보고서 (2009.12),제이에스티나,2010.03.31,,00120289,20100330001261
6933,코  리튬포어스,사업보고서 (2009.12),리튬포어스,2010.03.31,연,00440712,20100330001261
6934,유  케이씨티시,사업보고서 (2009.12),케이씨티시,2010.03.31,연,00103042,20100330001261
6935,기  삼양제넥스,사업보고서 (2009.12),삼양제넥스,2010.03.31,정연,00132105,20100330001261
6936,코  한국정보공학,사업보고서 (2009.12),한국정보공학,2010.03.31,연,00261957,20100330001261
6937,유  평화산업,사업보고서 (2009.12),평화산업,2010.03.31,,00573579,20100330001261
6938,유  세우글로벌,사업보고서 (2009.12),세우글로벌,2010.03.31,연,00134176,20100330001261
6939,유  신일전자,사업보고서 (2009.12),신일전자,2010.03.31,연,00173698,20100330001261
6940,코  파트론,사업보고서 (2009.12),파트론,2010.03.31,연,00490151,20100330001261
6941,유  코오롱글로벌,사업보고서 (2009.12),코오롱글로벌,2010.03.31,연,00152880,20100330001261
6942,코  KNN,사업보고서 (2009.12),KNN,2010.03.31,,00208134,20100330001261
6943,코  인성정보,사업보고서 (2009.12),인성정보,2010.03.31,연,00229021,20100330001261
6944,코  경창산업,사업보고서 (2009.12),경창산업,2010.03.31,,00102353,20100330001261
6945,기  아이엠뱅크,사업보고서 (2009.12),아이엠뱅크,2010.03.31,정연,00109019,20100330001261
6946,코  좋은사람들,사업보고서 (2009.12),좋은사람들,2010.03.31,,00205003,20100330001261
6947,코  유신,사업보고서 (2009.12),유신,2010.03.31,,00144650,20100330001261
6948,코  아비코전자,사업보고서 (2009.12),아비코전자,2010.03.31,,00138598,20100330001261
6949,코  케이엔더블유,사업보고서 (2009.12),케이엔더블유,2010.03.31,,00606664,20100330001261
6950,코  KB오토시스,사업보고서 (2009.12),KB오토시스,2010.03.31,,00157539,20100330001261
6951,유  광전자,사업보고서 (2009.12),광전자,2010.03.31,연,00152729,20100330001261
6952,유  동국홀딩스,사업보고서 (2009.12),동국홀딩스,2010.03.31,연,00114792,20100330001261
6953,유  고려산업,사업보고서 (2009.12),고려산업,2010.03.31,정,00102751,20100330001261
6954,코  디이엔티,사업보고서 (2009.12),디이엔티,2010.03.31,,00445160,20100330001261
6955,코  고려제약,사업보고서 (2009.12),고려제약,2010.03.31,,00103015,20100330001261
6956,유  에스엠벡셀,사업보고서 (2009.12),에스엠벡셀,2010.03.31,정,00147860,20100330001261
6957,유  대창단조,사업보고서 (2009.12),대창단조,2010.03.31,연,00112679,20100330001261
6958,코  동우팜투테이블,사업보고서 (2009.12),동우팜투테이블,2010.03.31,,00228712,20100330001261
6959,코  현대에이치티,사업보고서 (2009.12),현대에이치티,2010.03.31,,00255044,20100330001261
6960,코  인콘,사업보고서 (2009.12),인콘,2010.03.31,,00475976,20100330001261
6961,유  깨끗한나라,사업보고서 (2009.12),깨끗한나라,2010.03.31,연,00113492,20100330001261
6962,코  삼지전자,사업보고서 (2009.12),삼지전자,2010.03.31,,00128315,20100330001261
6963,코  CJ ENM,사업보고서 (2009.12),CJ ENM,2010.03.31,연,00265324,20100330001261
6964,코  큐렉소,사업보고서 (2009.12),큐렉소,2010.03.31,연,00356802,20100330001261
6965,유  후성,사업보고서 (2009.12),후성,2010.03.31,정연,00595191,20100330001261
6966,코  휴비츠,사업보고서 (2009.12),휴비츠,2010.03.31,,00398668,20100330001261
6967,유  신원,사업보고서 (2009.12),신원,2010.03.31,연,00136864,20100330001261
6968,기  아세아페이퍼텍,사업보고서 (2009.12),아세아페이퍼텍,2010.03.31,,00149248,20100330001261
6969,기  제낙스,사업보고서 (2009.12),제낙스,2010.03.31,연,00201788,20100330001261
6970,코  현우산업,사업보고서 (2009.12),현우산업,2010.03.31,,00367455,20100330001261
6971,기  엘티삼보,사업보고서 (2009.12),엘티삼보,2010.03.31,,00125910,20100330001261
6972,코  풍국주정,사업보고서 (2009.12),풍국주정,2010.03.31,연,00155452,20100330001261
6973,코  선바이오,사업보고서 (2009.12),선바이오,2010.03.31,,00407036,20100330001261
6974,유  아남전자,사업보고서 (2009.12),아남전자,2010.03.31,정연,00138516,20100330001261
6975,코  코메론,사업보고서 (2009.12),코메론,2010.03.31,연,00152783,20100330001261
6976,기  극동전선,사업보고서 (2009.12),극동전선,2010.03.31,,00105165,20100330001261
6977,코  리드코프,사업보고서 (2009.12),리드코프,2010.03.31,,00117708,20100330001261
6978,코  셀바스AI,사업보고서 (2009.12),셀바스AI,2010.03.31,,00666064,20100330001261
6979,기  월드파워텍,사업보고서 (2009.12),월드파워텍,2010.03.31,,00315267,20100330001261
6980,코  인선이엔티,사업보고서 (2009.12),인선이엔티,2010.03.31,연,00375931,20100330001261
6981,기  투에버,사업보고서 (2009.12),투에버,2010.03.31,,00355335,20100330001261
6982,기  파이널데이터,사업보고서 (2009.12),파이널데이터,2010.03.31,,00262479,20100330001261
6983,유  하나투어,사업보고서 (2009.12),하나투어,2010.03.31,연,00269940,20100330001261
6984,기  한국수력원자력  IR,사업보고서 (2009.12),한국수력원자력,2010.03.31,,00382001,20100330001261
6985,유  한미글로벌,사업보고서 (2009.12),한미글로벌,2010.03.31,정,00413523,20100330001261
6986,코  대호특수강,사업보고서 (2009.12),대호특수강,2010.03.30,,00166175,20100330001261
6987,코  매커스,사업보고서 (2009.12),매커스,2010.03.30,정,00596677,20100330001261
6988,기  에스케이엔무브,사업보고서 (2009.12),에스케이엔무브,2010.03.30,연,00786711,20100330001261
6989,유  HLB글로벌,[기재정정]사업보고서 (2009.12),HLB글로벌,2010.03.30,연,00169048,20100330001261
6990,유  CJ씨푸드,사업보고서 (2009.12),CJ씨푸드,2010.03.30,,00129013,20100330001261
6991,코  셀트리온제약,사업보고서 (2009.12),셀트리온제약,2010.03.30,정,00541349,20100330001261
6992,코  인포바인,사업보고서 (2009.12),인포바인,2010.03.30,,00491415,20100330001261
6993,코  월덱스,사업보고서 (2009.12),월덱스,2010.03.30,연,00580065,20100330001261
6994,코  에스에이티,사업보고서 (2009.12),에스에이티,2010.03.30,연,00379229,20100330001261
6995,코  코다코,사업보고서 (2009.12),코다코,2010.03.30,,00295857,20100330001261
6996,코  HLB파나진,사업보고서 (2009.12),HLB파나진,2010.03.30,연,00172079,20100330001261
6997,유  삼아알미늄,사업보고서 (2009.12),삼아알미늄,2010.03.30,,00126779,20100330001261
6998,코  셀루메드,사업보고서 (2009.12),셀루메드,2010.03.30,정,00310156,20100330001261
6999,유  카카오  IR,사업보고서 (2009.12),카카오,2010.03.30,연,00258801,20100330001261
7000,기  콜마파마,사업보고서 (2009.12),콜마파마,2010.03.30,정,00334615,20100330001261
7001,코  에코볼트,사업보고서 (2009.12),에코볼트,2010.03.30,정연,00562360,20100330000895
7002,코  대한약품,사업보고서 (2009.12),대한약품,2010.03.30,,00113128,20100330000895
7003,기  이매진  IR,사업보고서 (2009.12),이매진,2010.03.30,,00265290,20100330000895
7004,기  조은시스템,사업보고서 (2009.12),조은시스템,2010.03.30,,00373650,20100330000895
7005,코  덕산하이메탈,사업보고서 (2009.12),덕산하이메탈,2010.03.30,,00471068,20100330000895
7006,유  케이티,사업보고서 (2009.12),케이티,2010.03.30,연,00190321,20100330000895
7007,기  에스에이치엔엘,사업보고서 (2009.12),에스에이치엔엘,2010.03.30,,00245898,20100330000895
7008,코  우원개발,사업보고서 (2009.12),우원개발,2010.03.30,연,00363246,20100330000895
7009,기  에피밸리,사업보고서 (2009.12),에피밸리,2010.03.30,정,00301486,20100330000895
7010,유  한창제지,[기재정정]사업보고서 (2009.12),한창제지,2010.03.30,,00163761,20100330000895
7011,코  동일금속,사업보고서 (2009.12),동일금속,2010.03.30,,00118284,20100330000895
7012,기  에스에스컴텍,사업보고서 (2009.12),에스에스컴텍,2010.03.30,연,00267960,20100330000895
7013,코  삼화네트웍스,사업보고서 (2009.12),삼화네트웍스,2010.03.30,,00301112,20100330000895
7014,코  코미팜,사업보고서 (2009.12),코미팜,2010.03.30,,00187415,20100330000895
7015,코  제이브이엠,사업보고서 (2009.12),제이브이엠,2010.03.30,,00361381,20100330000895
7016,기  심팩메탈,사업보고서 (2009.12),심팩메탈,2010.03.30,,00163789,20100330000895
7017,코  알에프세미,사업보고서 (2009.12),알에프세미,2010.03.30,정,00516246,20100330000895
7018,코  오션인더블유,사업보고서 (2009.12),오션인더블유,2010.03.30,연,00349811,20100330000895
7019,유  DB하이텍,사업보고서 (2009.12),DB하이텍,2010.03.30,연,00160843,20100330000895
7020,기  대구시민프로축구단,사업보고서 (2009.12),대구시민프로축구단,2010.03.30,,00427137,20100330000895
7021,기  일레덱스홀딩스,사업보고서 (2009.12),일레덱스홀딩스,2010.03.30,연,00268011,20100330000895
7022,기  디앤샵,사업보고서 (2009.12),디앤샵,2010.03.30,,00581000,20100330000895
7023,기  세아메탈,사업보고서 (2009.12),세아메탈,2010.03.30,,00206084,20100330000895
7024,코  쌍용정보통신,사업보고서 (2009.12),쌍용정보통신,2010.03.30,,00138303,20100330000895
7025,코  한양이엔지,사업보고서 (2009.12),한양이엔지,2010.03.30,연,00216762,20100330000895
7026,코  오픈베이스,사업보고서 (2009.12),오픈베이스,2010.03.30,,00335076,20100330000895
7027,유  세기상사,사업보고서 (2009.12),세기상사,2010.03.30,,00133618,20100330000895
7028,유  유니온,사업보고서 (2009.12),유니온,2010.03.30,,00144252,20100330000895
7029,코  승일,사업보고서 (2009.12),승일,2010.03.30,,00135467,20100330000895
7030,기  유일엔시스,사업보고서 (2009.12),유일엔시스,2010.03.30,,00264802,20100330000895
7031,기  포스코이앤씨,사업보고서 (2009.12),포스코이앤씨,2010.03.30,,00100814,20100330000895
7032,기  보루네오가구,사업보고서 (2009.12),보루네오가구,2010.03.30,,00123152,20100330000895
7033,코  디지틀조선,사업보고서 (2009.12),디지틀조선,2010.03.30,,00231442,20100330000895
7034,코  세명전기,사업보고서 (2009.12),세명전기,2010.03.30,,00133751,20100330000895
7035,유  MH에탄올,사업보고서 (2009.12),MH에탄올,2010.03.30,연,00121534,20100330000895
7036,기  엔스퍼트,사업보고서 (2009.12),엔스퍼트,2010.03.30,정,00595243,20100330000895
7037,기  농업회사법인의령군토요애유통,사업보고서 (2009.12),농업회사법인의령군토요애유통,2010.03.30,,00711896,20100330000895
7038,유  한창제지,사업보고서 (2009.12),한창제지,2010.03.30,정,00163761,20100330000895
7039,기  하나투어리스트,사업보고서 (2009.12),하나투어리스트,2010.03.30,,00397207,20100330000895
7040,유  DB,사업보고서 (2009.12),DB,2010.03.30,,00163345,20100330000895
7041,코  아이즈비전,사업보고서 (2009.12),아이즈비전,2010.03.30,연,00200910,20100330000895
7042,코  엔텔스,사업보고서 (2009.12),엔텔스,2010.03.30,,00415707,20100330000895
7043,기  제이비우리캐피탈,사업보고서 (2009.12),제이비우리캐피탈,2010.03.30,정연,00234971,20100330000895
7044,코  카페24,사업보고서 (2009.12),카페24,2010.03.30,,00260879,20100330000895
7045,기  제이콤,사업보고서 (2009.12),제이콤,2010.03.30,,00316488,20100330000895
7046,기  지에스홈쇼핑,사업보고서 (2009.12),지에스홈쇼핑,2010.03.30,연,00207755,20100330000895
7047,유  WISCOM,사업보고서 (2009.12),WISCOM,2010.03.30,연,00142865,20100330000895
7048,유  GS리테일,사업보고서 (2009.12),GS리테일,2010.03.30,,00140177,20100330000895
7049,유  POSCO홀딩스,사업보고서 (2009.12),POSCO홀딩스,2010.03.30,연,00155319,20100330000895
7050,기  한국씨티은행,사업보고서 (2009.12),한국씨티은행,2010.03.30,정연,00161444,20100330000895
7051,코  이화전기,사업보고서 (2009.12),이화전기,2010.03.30,,00145738,20100330000895
7052,유  텔코웨어,사업보고서 (2009.12),텔코웨어,2010.03.30,,00361488,20100330000895
7053,코  아미노로직스,사업보고서 (2009.12),아미노로직스,2010.03.30,,00466428,20100330000895
7054,기  디앤오,사업보고서 (2009.12),디앤오,2010.03.30,,00395324,20100330000895
7055,코  뷰웍스,사업보고서 (2009.12),뷰웍스,2010.03.30,정,00609324,20100330000895
7056,코  뉴인텍,사업보고서 (2009.12),뉴인텍,2010.03.30,연,00105040,20100330000895
7057,코  엔에스이엔엠,사업보고서 (2009.12),엔에스이엔엠,2010.03.30,,00543204,20100330000895
7058,코  인포뱅크,사업보고서 (2009.12),인포뱅크,2010.03.30,,00243757,20100330000895
7059,기  지앤알,사업보고서 (2009.12),지앤알,2010.03.30,,00267474,20100330000895
7060,유  삼호개발,사업보고서 (2009.12),삼호개발,2010.03.30,,00128980,20100330000895
7061,유  예스코홀딩스,사업보고서 (2009.12),예스코홀딩스,2010.03.30,연,00105101,20100330000895
7062,기  문경관광개발,사업보고서 (2009.12),문경관광개발,2010.03.30,,00437277,20100330000895
7063,유  남해화학,사업보고서 (2009.12),남해화학,2010.03.30,,00107987,20100330000895
7064,코  광진실업,사업보고서 (2009.12),광진실업,2010.03.30,,00104120,20100330000895
7065,코  엔피케이,사업보고서 (2009.12),엔피케이,2010.03.30,,00108490,20100330000895
7066,기  위더스기술금융,사업보고서 (2009.12),위더스기술금융,2010.03.30,,00267809,20100330000895
7067,기  에스피반도체통신,사업보고서 (2009.12),에스피반도체통신,2010.03.30,,00263168,20100330000895
7068,코  모아텍,사업보고서 (2009.12),모아텍,2010.03.30,연,00241209,20100330000895
7069,기  한컴지엠디,사업보고서 (2009.12),한컴지엠디,2010.03.30,,00473400,20100330000895
7070,코  세운메디칼,사업보고서 (2009.12),세운메디칼,2010.03.30,,00362201,20100330000895
7071,기  씨앤에스자산관리,사업보고서 (2009.12),씨앤에스자산관리,2010.03.30,,00173731,20100330000895
7072,기  LG생명과학,사업보고서 (2009.12),LG생명과학,2010.03.30,,00423609,20100330000895
7073,유  롯데관광개발,사업보고서 (2009.12),롯데관광개발,2010.03.30,,00231372,20100330000895
7074,코  국일제지,사업보고서 (2009.12),국일제지,2010.03.30,정연,00104573,20100330000895
7075,기  보진재,사업보고서 (2009.12),보진재,2010.03.30,,00123514,20100330000895
7076,기  이룸지엔지,사업보고서 (2009.12),이룸지엔지,2010.03.30,,00439053,20100330000895
7077,기  에듀패스,사업보고서 (2009.12),에듀패스,2010.03.30,연,00130860,20100330000895
7078,유  녹십자,사업보고서 (2009.12),녹십자,2010.03.30,,00129679,20100330000895
7079,기  인스프리트,사업보고서 (2009.12),인스프리트,2010.03.30,연,00441872,20100330000895
7080,기  한국서부발전,사업보고서 (2009.12),한국서부발전,2010.03.30,,00383019,20100330000895
7081,유  이수화학,사업보고서 (2009.12),이수화학,2010.03.30,연,00145552,20100330000895
7082,코  한국큐빅,사업보고서 (2009.12),한국큐빅,2010.03.30,연,00160010,20100330000895
7083,기  그린기술투자,사업보고서 (2009.12),그린기술투자,2010.03.30,,00116073,20100330000895
7084,코  코엔텍,사업보고서 (2009.12),코엔텍,2010.03.30,,00197476,20100330000895
7085,코  한국경제TV,사업보고서 (2009.12),한국경제TV,2010.03.30,,00263371,20100330000895
7086,기  에스에스씨피,사업보고서 (2009.12),에스에스씨피,2010.03.30,연,00126593,20100330000895
7087,기  코너스톤네트웍스,사업보고서 (2009.12),코너스톤네트웍스,2010.03.30,,00194275,20100330000895
7088,유  주성코퍼레이션,사업보고서 (2009.12),주성코퍼레이션,2010.03.30,,00753643,20100330000895
7089,기  이엘케이,사업보고서 (2009.12),이엘케이,2010.03.30,,00379016,20100330000895
7090,유  한솔피엔에스,사업보고서 (2009.12),한솔피엔에스,2010.03.30,연,00103626,20100330000895
7091,유  와이투솔루션,사업보고서 (2009.12),와이투솔루션,2010.03.30,,00144720,20100330000895
7092,기  해피드림,사업보고서 (2009.12),해피드림,2010.03.30,정,00389679,20100330000895
7093,기  한국고덴시,[기재정정]사업보고서 (2009.12),한국고덴시,2010.03.30,연,00156734,20100330000895
7094,유  포스코퓨처엠,사업보고서 (2009.12),포스코퓨처엠,2010.03.30,,00155276,20100330000895
7095,코  에스에너지,사업보고서 (2009.12),에스에너지,2010.03.30,연,00585538,20100330000895
7096,기  화이버텍,사업보고서 (2009.12),화이버텍,2010.03.30,,00247559,20100330000895
7097,코  케이피티유,사업보고서 (2009.12),케이피티유,2010.03.30,,00357607,20100330000895
7098,코  CG인바이츠,사업보고서 (2009.12),CG인바이츠,2010.03.30,,00407814,20100330000895
7099,유  GS글로벌,사업보고서 (2009.12),GS글로벌,2010.03.30,연,00138190,20100330000895
7100,코  한솔인티큐브,사업보고서 (2009.12),한솔인티큐브,2010.03.30,,00470829,20100330000895
7101,기  제이앤케이인더스트리,사업보고서 (2009.12),제이앤케이인더스트리,2010.03.30,,00295370,20100330000617
7102,유  우진,사업보고서 (2009.12),우진,2010.03.30,,00173944,20100330000617
7103,유  GS,사업보고서 (2009.12),GS,2010.03.30,연,00500254,20100330000617
7104,코  대아티아이  IR,사업보고서 (2009.12),대아티아이,2010.03.30,,00318316,20100330000617
7105,기  사이버씨브이에스,사업보고서 (2009.12),사이버씨브이에스,2010.03.30,정,00403465,20100330000617
7106,유  경인양행,사업보고서 (2009.12),경인양행,2010.03.30,연,00102113,20100330000617
7107,기  아큐텍,사업보고서 (2009.12),아큐텍,2010.03.30,,00267951,20100330000617
7108,코  케이씨티,사업보고서 (2009.12),케이씨티,2010.03.30,,00441447,20100330000617
7109,코  와이지-원,사업보고서 (2009.12),와이지-원,2010.03.30,연,00139719,20100330000617
7110,코  포니링크,사업보고서 (2009.12),포니링크,2010.03.30,,00392691,20100330000617
7111,유  영원무역,사업보고서 (2009.12),영원무역,2010.03.30,연,00776820,20100330000617
7112,코  쏠리드,사업보고서 (2009.12),쏠리드,2010.03.30,연,00364403,20100330000617
7113,코  조광ILI,사업보고서 (2009.12),조광ILI,2010.03.30,,00291860,20100330000617
7114,코  피델릭스,사업보고서 (2009.12),피델릭스,2010.03.30,,00189538,20100330000617
7115,유  이스타코,사업보고서 (2009.12),이스타코,2010.03.30,,00134565,20100330000617
7116,기  에이치디씨영창,사업보고서 (2009.12),에이치디씨영창,2010.03.30,,00141282,20100330000617
7117,코  대명소노시즌,사업보고서 (2009.12),대명소노시즌,2010.03.30,연,00104810,20100330000617
7118,코  태양,사업보고서 (2009.12),태양,2010.03.30,,00186717,20100330000617
7119,기  폴리플러스,[기재정정]사업보고서 (2009.12),폴리플러스,2010.03.30,정연,00245296,20100330000617
7120,유  영원무역홀딩스,[기재정정]사업보고서 (2009.12),영원무역홀딩스,2010.03.30,연,00140964,20100330000617
7121,코  뉴프렉스,사업보고서 (2009.12),뉴프렉스,2010.03.30,,00493510,20100330000617
7122,유  녹십자홀딩스,사업보고서 (2009.12),녹십자홀딩스,2010.03.30,연,00108135,20100330000617
7123,코  위즈코프,사업보고서 (2009.12),위즈코프,2010.03.30,,00264228,20100330000617
7124,기  현대DSF,사업보고서 (2009.12),현대DSF,2010.03.30,,00173333,20100330000617
7125,유  한국공항,사업보고서 (2009.12),한국공항,2010.03.30,연,00156691,20100330000617
7126,유  KC그린홀딩스,사업보고서 (2009.12),KC그린홀딩스,2010.03.30,연,00159971,20100330000617
7127,유  동아쏘시오홀딩스,사업보고서 (2009.12),동아쏘시오홀딩스,2010.03.30,정연,00116824,20100330000617
7128,코  한글과컴퓨터,사업보고서 (2009.12),한글과컴퓨터,2010.03.30,연,00204262,20100330000617
7129,유  삼양식품,사업보고서 (2009.12),삼양식품,2010.03.30,연,00126955,20100330000617
7130,코  케이씨피드,사업보고서 (2009.12),케이씨피드,2010.03.30,정,00101752,20100330000617
7131,기  갤럭시게이트,사업보고서 (2009.12),갤럭시게이트,2010.03.30,,00334040,20100330000617
7132,유  모토닉,사업보고서 (2009.12),모토닉,2010.03.30,연,00151128,20100330000617
7133,기  유에이블,사업보고서 (2009.12),유에이블,2010.03.30,,00416706,20100330000617
7134,코  뉴보텍,사업보고서 (2009.12),뉴보텍,2010.03.30,,00351375,20100330000617
7135,코  에이테크솔루션,사업보고서 (2009.12),에이테크솔루션,2010.03.30,연,00384887,20100330000617
7136,기  동일토건,사업보고서 (2009.12),동일토건,2010.03.30,연,00229863,20100330000617
7137,코  휴맥스홀딩스,사업보고서 (2009.12),휴맥스홀딩스,2010.03.30,정연,00219440,20100330000617
7138,코  서호전기,사업보고서 (2009.12),서호전기,2010.03.30,,00220622,20100330000617
7139,기  팍스넷,사업보고서 (2009.12),팍스넷,2010.03.30,,00334624,20100330000617
7140,유  인팩,사업보고서 (2009.12),인팩,2010.03.30,연,00180795,20100330000617
7141,코  나노엔텍,사업보고서 (2009.12),나노엔텍,2010.03.30,,00230425,20100330000617
7142,유  백산,사업보고서 (2009.12),백산,2010.03.30,연,00122551,20100330000617
7143,코  팅크웨어,사업보고서 (2009.12),팅크웨어,2010.03.30,,00438036,20100330000617
7144,유  한국수출포장공업,[기재정정]사업보고서 (2009.12),한국수출포장공업,2010.03.30,,00158112,20100330000617
7145,코  아난티,사업보고서 (2009.12),아난티,2010.03.30,,00161781,20100330000617
7146,기  강원특별자치도민프로축구단,사업보고서 (2009.12),강원특별자치도민프로축구단,2010.03.30,,00685333,20100330000617
7147,코  한네트,사업보고서 (2009.12),한네트,2010.03.30,,00244783,20100330000617
7148,코  재영솔루텍,사업보고서 (2009.12),재영솔루텍,2010.03.30,연,00147082,20100330000617
7149,코  우리넷,사업보고서 (2009.12),우리넷,2010.03.30,,00664048,20100330000617
7150,유  동원산업  IR,사업보고서 (2009.12),동원산업,2010.03.30,연,00118026,20100330000617
7151,유  YG PLUS,사업보고서 (2009.12),YG PLUS,2010.03.30,정,00249247,20100330000617
7152,코  휴맥스,사업보고서 (2009.12),휴맥스,2010.03.30,연,00787057,20100330000617
7153,코  다우데이타,사업보고서 (2009.12),다우데이타,2010.03.30,연,00238782,20100330000617
7154,유  대호에이엘,사업보고서 (2009.12),대호에이엘,2010.03.30,,00428729,20100330000617
7155,코  한국가구,사업보고서 (2009.12),한국가구,2010.03.30,,00156442,20100330000617
7156,코  아가방컴퍼니,사업보고서 (2009.12),아가방컴퍼니,2010.03.30,,00138446,20100330000617
7157,유  한국단자공업,사업보고서 (2009.12),한국단자공업,2010.03.30,연,00157070,20100330000617
7158,기  와이즈파워,사업보고서 (2009.12),와이즈파워,2010.03.30,연,00248123,20100330000617
7159,코  에스코넥,사업보고서 (2009.12),에스코넥,2010.03.30,정,00573269,20100330000617
7160,코  동진쎄미켐,사업보고서 (2009.12),동진쎄미켐,2010.03.30,연,00118804,20100330000617
7161,코  제넥신,사업보고서 (2009.12),제넥신,2010.03.30,,00545929,20100330000617
7162,유  화신,사업보고서 (2009.12),화신,2010.03.30,정연,00166315,20100330000617
7163,코  웹젠,사업보고서 (2009.12),웹젠,2010.03.30,,00405320,20100330000617
7164,코  코위버,사업보고서 (2009.12),코위버,2010.03.30,,00360674,20100330000617
7165,기  삼흥,사업보고서 (2009.12),삼흥,2010.03.30,,00135166,20100330000617
7166,기  나리지*온,사업보고서 (2009.12),나리지*온,2010.03.30,,00208693,20100330000617
7167,코  오리엔탈정공,사업보고서 (2009.12),오리엔탈정공,2010.03.30,연,00141608,20100330000617
7168,코  코리아나  IR,사업보고서 (2009.12),코리아나,2010.03.30,,00152589,20100330000617
7169,유  경동인베스트,사업보고서 (2009.12),경동인베스트,2010.03.30,연,00143527,20100330000617
7170,유  영원무역홀딩스,사업보고서 (2009.12),영원무역홀딩스,2010.03.30,정연,00140964,20100330000617
7171,유  보락,사업보고서 (2009.12),보락,2010.03.30,,00123107,20100330000617
7172,코  이엔에프테크놀로지,사업보고서 (2009.12),이엔에프테크놀로지,2010.03.30,정,00530185,20100330000617
7173,유  현대코퍼레이션,사업보고서 (2009.12),현대코퍼레이션,2010.03.30,연,00164812,20100330000617
7174,코  CS,사업보고서 (2009.12),CS,2010.03.30,연,00303703,20100330000617
7175,유  HLB글로벌,사업보고서 (2009.12),HLB글로벌,2010.03.30,정연,00169048,20100330000617
7176,유  대유에이텍,사업보고서 (2009.12),대유에이텍,2010.03.30,정,00149804,20100330000617
7177,코  서원인텍,사업보고서 (2009.12),서원인텍,2010.03.30,연,00445799,20100330000617
7178,유  풍산,사업보고서 (2009.12),풍산,2010.03.30,연,00684714,20100330000617
7179,코  다산네트웍스  IR,사업보고서 (2009.12),다산네트웍스,2010.03.30,,00268251,20100330000617
7180,유  유니퀘스트,사업보고서 (2009.12),유니퀘스트,2010.03.30,연,00414601,20100330000617
7181,유  삼양통상,사업보고서 (2009.12),삼양통상,2010.03.30,,00127042,20100330000617
7182,유  셀트리온,사업보고서 (2009.12),셀트리온,2010.03.30,,00413046,20100330000617
7183,코  파인디지털,사업보고서 (2009.12),파인디지털,2010.03.30,,00264732,20100330000617
7184,기  래피더스,사업보고서 (2009.12),래피더스,2010.03.30,,00346832,20100330000617
7185,코  한양디지텍,사업보고서 (2009.12),한양디지텍,2010.03.30,연,00488989,20100330000617
7186,기  티엔아이,사업보고서 (2009.12),티엔아이,2010.03.30,,00397243,20100330000617
7187,코  에프에스티,사업보고서 (2009.12),에프에스티,2010.03.30,,00223434,20100330000617
7188,유  한국카본,사업보고서 (2009.12),한국카본,2010.03.30,,00159795,20100330000617
7189,기  에이치씨코퍼레이션,사업보고서 (2009.12),에이치씨코퍼레이션,2010.03.30,,00241236,20100330000617
7190,유  미래아이앤지,사업보고서 (2009.12),미래아이앤지,2010.03.30,,00104786,20100330000617
7191,기  한국고덴시,사업보고서 (2009.12),한국고덴시,2010.03.30,정연,00156734,20100330000617
7192,기  한솔교육,사업보고서 (2009.12),한솔교육,2010.03.30,,00246301,20100330000617
7193,기  케이엑스넥스지,사업보고서 (2009.12),케이엑스넥스지,2010.03.30,,00584362,20100330000617
7194,코  금화피에스시,사업보고서 (2009.12),금화피에스시,2010.03.30,,00176516,20100330000617
7195,코  웰크론한텍  IR,사업보고서 (2009.12),웰크론한텍,2010.03.30,,00487546,20100330000617
7196,코  바른손이앤에이,사업보고서 (2009.12),바른손이앤에이,2010.03.30,,00259590,20100330000617
7197,기  서림비앤에스,사업보고서 (2009.12),서림비앤에스,2010.03.30,,00269065,20100330000617
7198,유  포스코인터내셔널,사업보고서 (2009.12),포스코인터내셔널,2010.03.30,연,00124504,20100330000617
7199,코  브리지텍,사업보고서 (2009.12),브리지텍,2010.03.30,,00359076,20100330000617
7200,기  비케이탑스,사업보고서 (2009.12),비케이탑스,2010.03.30,,00273615,20100330000617
7201,코  동아엘텍,사업보고서 (2009.12),동아엘텍,2010.03.30,연,00489243,20100330000271
7202,기  한국우사회,사업보고서 (2009.12),한국우사회,2010.03.30,,00369602,20100330000271
7203,코  글로벌에스엠,사업보고서 (2009.12),글로벌에스엠,2010.03.30,연,00783246,20100330000271
7204,코  에스엠,사업보고서 (2009.12),에스엠,2010.03.30,,00260930,20100330000271
7205,코  이루온,사업보고서 (2009.12),이루온,2010.03.30,,00390514,20100330000271
7206,유  고려제강,사업보고서 (2009.12),고려제강,2010.03.30,연,00103006,20100330000271
7207,유  성문전자,사업보고서 (2009.12),성문전자,2010.03.30,연,00132628,20100330000271
7208,유  한농화성,사업보고서 (2009.12),한농화성,2010.03.30,,00160861,20100330000271
7209,코  아이앤씨,사업보고서 (2009.12),아이앤씨,2010.03.30,,00365758,20100330000271
7210,유  동화약품,사업보고서 (2009.12),동화약품,2010.03.30,,00119195,20100330000271
7211,코  케이피엠테크,사업보고서 (2009.12),케이피엠테크,2010.03.30,정,00206686,20100330000271
7212,코  링네트,사업보고서 (2009.12),링네트,2010.03.30,,00352499,20100330000271
7213,기  화신테크,사업보고서 (2009.12),화신테크,2010.03.30,,00166333,20100330000271
7214,유  자화전자,사업보고서 (2009.12),자화전자,2010.03.30,연,00146861,20100330000271
7215,유  이구산업,사업보고서 (2009.12),이구산업,2010.03.30,,00145464,20100330000271
7216,코  동원개발,사업보고서 (2009.12),동원개발,2010.03.30,,00117966,20100330000271
7217,유  삼익악기,사업보고서 (2009.12),삼익악기,2010.03.30,정연,00127857,20100330000271
7218,코  넥스턴바이오,사업보고서 (2009.12),넥스턴바이오,2010.03.30,,00416414,20100330000271
7219,기  넥스콘테크놀러지,사업보고서 (2009.12),넥스콘테크놀러지,2010.03.30,,00264644,20100330000271
7220,유  유니드,사업보고서 (2009.12),유니드,2010.03.30,연,00159786,20100330000271
7221,코  중앙백신,사업보고서 (2009.12),중앙백신,2010.03.30,,00415327,20100330000271
7222,기  지티앤티,사업보고서 (2009.12),지티앤티,2010.03.30,,00351269,20100330000271
7223,유  성안머티리얼스,사업보고서 (2009.12),성안머티리얼스,2010.03.30,연,00132868,20100330000271
7224,기  세미텍,사업보고서 (2009.12),세미텍,2010.03.30,,00481676,20100330000271
7225,유  삼화페인트공업,사업보고서 (2009.12),삼화페인트공업,2010.03.30,연,00129387,20100330000271
7226,코  성도이엔지,사업보고서 (2009.12),성도이엔지,2010.03.30,연,00216498,20100330000271
7227,기  한섬피앤디,사업보고서 (2009.12),한섬피앤디,2010.03.30,,00756330,20100330000271
7228,코  브이티,사업보고서 (2009.12),브이티,2010.03.30,,00150165,20100330000271
7229,유  종근당홀딩스,사업보고서 (2009.12),종근당홀딩스,2010.03.30,연,00149354,20100330000271
7230,코  엘컴텍,사업보고서 (2009.12),엘컴텍,2010.03.30,연,00242712,20100330000271
7231,코  차바이오텍  IR,사업보고서 (2009.12),차바이오텍,2010.03.30,정연,00525679,20100330000271
7232,유  케이티스카이라이프,사업보고서 (2009.12),케이티스카이라이프,2010.03.30,연,00349097,20100330000271
7233,유  시알홀딩스,사업보고서 (2009.12),시알홀딩스,2010.03.30,연,00148984,20100330000271
7234,코  에스티큐브,사업보고서 (2009.12),에스티큐브,2010.03.30,,00273110,20100330000271
7235,유  한국수출포장공업,사업보고서 (2009.12),한국수출포장공업,2010.03.30,정,00158112,20100330000271
7236,코  아이엠,사업보고서 (2009.12),아이엠,2010.03.30,연,00609634,20100330000271
7237,코  예림당,사업보고서 (2009.12),예림당,2010.03.30,,00259934,20100330000271
7238,유  일진전기,사업보고서 (2009.12),일진전기,2010.03.30,,00683469,20100330000271
7239,코  프로텍,사업보고서 (2009.12),프로텍,2010.03.30,,00325112,20100330000271
7240,유  파미셀,사업보고서 (2009.12),파미셀,2010.03.30,,00145163,20100330000271
7241,기  두산모트롤,사업보고서 (2009.12),두산모트롤,2010.03.30,,00241087,20100330000271
7242,기  태창파로스,사업보고서 (2009.12),태창파로스,2010.03.30,,00246347,20100330000271
7243,유  빙그레,사업보고서 (2009.12),빙그레,2010.03.30,,00124726,20100330000271
7244,기  한국남동발전,사업보고서 (2009.12),한국남동발전,2010.03.30,,00389013,20100330000271
7245,기  클루넷,사업보고서 (2009.12),클루넷,2010.03.30,정,00419989,20100330000271
7246,코  세진티에스,사업보고서 (2009.12),세진티에스,2010.03.30,연,00406727,20100330000271
7247,코  엘오티베큠  IR,사업보고서 (2009.12),엘오티베큠,2010.03.30,,00484682,20100330000271
7248,유  한국화장품제조,사업보고서 (2009.12),한국화장품제조,2010.03.30,,00160621,20100330000271
7249,유  한신기계공업,사업보고서 (2009.12),한신기계공업,2010.03.30,정,00162072,20100330000271
7250,코  아이디스홀딩스,사업보고서 (2009.12),아이디스홀딩스,2010.03.30,,00359580,20100330000271
7251,코  고영,사업보고서 (2009.12),고영,2010.03.30,,00579999,20100330000271
7252,기  귀뚜라미범양냉방,사업보고서 (2009.12),귀뚜라미범양냉방,2010.03.30,,00122700,20100330000271
7253,유  대원전선,사업보고서 (2009.12),대원전선,2010.03.30,,00260392,20100330000271
7254,기  플렉스컴,사업보고서 (2009.12),플렉스컴,2010.03.30,연,00364926,20100330000271
7255,유  한국내화,사업보고서 (2009.12),한국내화,2010.03.30,,00160205,20100330000271
7256,기  청구,사업보고서 (2009.12),청구,2010.03.30,,00151526,20100330000271
7257,기  글로앤웰,사업보고서 (2009.12),글로앤웰,2010.03.30,,00255141,20100330000271
7258,기  경남도민프로축구단,사업보고서 (2009.12),경남도민프로축구단,2010.03.30,,00543170,20100330000271
7259,코  와이엠,사업보고서 (2009.12),와이엠,2010.03.30,,00140858,20100330000271
7260,코  대화제약,사업보고서 (2009.12),대화제약,2010.03.30,,00210740,20100330000271
7261,코  쎄트렉아이,사업보고서 (2009.12),쎄트렉아이,2010.03.30,,00449254,20100330000271
7262,유  진양홀딩스,사업보고서 (2009.12),진양홀딩스,2010.03.30,연,00646732,20100330000271
7263,기  위다스,사업보고서 (2009.12),위다스,2010.03.30,,00351153,20100330000271
7264,코  한일단조,사업보고서 (2009.12),한일단조,2010.03.30,연,00162832,20100330000271
7265,유  스틱인베스트먼트,사업보고서 (2009.12),스틱인베스트먼트,2010.03.30,연,00117498,20100330000271
7266,코  유진테크,사업보고서 (2009.12),유진테크,2010.03.30,,00531014,20100330000271
7267,코  오스템,사업보고서 (2009.12),오스템,2010.03.30,정연,00175173,20100330000271
7268,코  휴온스글로벌  IR,사업보고서 (2009.12),휴온스글로벌,2010.03.30,,00228059,20100330000271
7269,코  한라IMS,사업보고서 (2009.12),한라IMS,2010.03.30,,00528515,20100330000271
7270,유  한미반도체,사업보고서 (2009.12),한미반도체,2010.03.30,연,00161383,20100330000271
7271,유  TCC스틸,사업보고서 (2009.12),TCC스틸,2010.03.30,연,00117300,20100330000271
7272,유  TYM  IR,사업보고서 (2009.12),TYM,2010.03.30,연,00117230,20100330000271
7273,유  디씨엠,사업보고서 (2009.12),디씨엠,2010.03.30,,00177199,20100330000271
7274,유  대한유화,사업보고서 (2009.12),대한유화,2010.03.30,연,00260383,20100330000271
7275,코  피에스텍,사업보고서 (2009.12),피에스텍,2010.03.30,연,00155638,20100330000271
7276,기  한국남부발전,사업보고서 (2009.12),한국남부발전,2010.03.30,,00382834,20100330000271
7277,코  케이피에프,사업보고서 (2009.12),케이피에프,2010.03.30,,00157636,20100330000271
7278,유  황금에스티,사업보고서 (2009.12),황금에스티,2010.03.30,연,00218575,20100330000271
7279,코  이화공영,사업보고서 (2009.12),이화공영,2010.03.30,,00145668,20100330000271
7280,유  카프로,사업보고서 (2009.12),카프로,2010.03.30,,00159810,20100330000271
7281,코  에스티아이,사업보고서 (2009.12),에스티아이,2010.03.30,,00298340,20100330000271
7282,기  한국애보트진단,사업보고서 (2009.12),한국애보트진단,2010.03.30,정,00317089,20100330000271
7283,코  알에프텍,사업보고서 (2009.12),알에프텍,2010.03.30,연,00309831,20100330000271
7284,코  이엠코리아,[기재정정]사업보고서 (2009.12),이엠코리아,2010.03.30,연,00526951,20100330000271
7285,코  경남스틸,사업보고서 (2009.12),경남스틸,2010.03.30,,00206039,20100330000271
7286,유  한국주강,사업보고서 (2009.12),한국주강,2010.03.30,,00159564,20100330000271
7287,코  오공,사업보고서 (2009.12),오공,2010.03.30,연,00220969,20100330000271
7288,기  동양텔레콤,사업보고서 (2009.12),동양텔레콤,2010.03.30,,00117638,20100330000271
7289,유  인디에프,사업보고서 (2009.12),인디에프,2010.03.30,,00106881,20100330000271
7290,기  코크렙제8호위탁관리부동산투자회사,사업보고서 (2009.12),코크렙제8호위탁관리부동산투자회사,2010.03.30,,00560025,20100330000271
7291,코  리노공업,사업보고서 (2009.12),리노공업,2010.03.30,연,00369657,20100330000271
7292,유  엘앤에프,사업보고서 (2009.12),엘앤에프,2010.03.30,연,00398701,20100330000271
7293,유  F&F 홀딩스,사업보고서 (2009.12),F&F 홀딩스,2010.03.30,,00126487,20100330000271
7294,코  CBI,사업보고서 (2009.12),CBI,2010.03.30,,00151605,20100330000271
7295,코  이엠코리아,사업보고서 (2009.12),이엠코리아,2010.03.30,정연,00526951,20100330000271
7296,기  휘라포토닉스,사업보고서 (2009.12),휘라포토닉스,2010.03.30,,00360744,20100330000271
7297,기  현대아산,사업보고서 (2009.12),현대아산,2010.03.30,,00255257,20100330000271
7298,유  율촌화학,사업보고서 (2009.12),율촌화학,2010.03.30,정,00145260,20100330000271
7299,코  삼일,사업보고서 (2009.12),삼일,2010.03.30,,00127909,20100330000271
7300,유  SJG세종,사업보고서 (2009.12),SJG세종,2010.03.30,연,00134510,20100330000271
7301,기  에스엔유프리시젼,사업보고서 (2009.12),에스엔유프리시젼,2010.03.30,,00455981,20100329000515
7302,코  파커스,사업보고서 (2009.12),파커스,2010.03.30,연,00384762,20100329000515
7303,유  대한제분,사업보고서 (2009.12),대한제분,2010.03.30,정연,00113243,20100329000515
7304,유  한섬,사업보고서 (2009.12),한섬,2010.03.30,연,00188089,20100329000515
7305,코  빛과전자,사업보고서 (2009.12),빛과전자,2010.03.30,,00367482,20100329000515
7306,유  코아스,[첨부정정]사업보고서 (2009.12),코아스,2010.03.30,,00210856,20100329000515
7307,유  국도화학,사업보고서 (2009.12),국도화학,2010.03.30,연,00104388,20100329000515
7308,코  원익홀딩스,사업보고서 (2009.12),원익홀딩스,2010.03.30,연,00216647,20100329000515
7309,코  흥국,사업보고서 (2009.12),흥국,2010.03.30,,00167031,20100329000515
7310,코  인터플렉스,사업보고서 (2009.12),인터플렉스,2010.03.30,연,00369170,20100329000515
7311,유  삼익THK,사업보고서 (2009.12),삼익THK,2010.03.30,연,00127802,20100329000515
7312,기  마금,사업보고서 (2009.12),마금,2010.03.30,,00138835,20100329000515
7313,코  에이치케이,사업보고서 (2009.12),에이치케이,2010.03.30,,00235183,20100329000515
7314,유  웅진,사업보고서 (2009.12),웅진,2010.03.30,연,00143651,20100329000515
7315,코  우림피티에스,사업보고서 (2009.12),우림피티에스,2010.03.30,,00567222,20100329000515
7316,유  일정실업,사업보고서 (2009.12),일정실업,2010.03.30,연,00146542,20100329000515
7317,코  S&K폴리텍,사업보고서 (2009.12),S&K폴리텍,2010.03.30,,00580667,20100329000515
7318,기  데코,사업보고서 (2009.12),데코,2010.03.30,,00114321,20100329000515
7319,코  지더블유바이텍,사업보고서 (2009.12),지더블유바이텍,2010.03.30,,00257149,20100329000515
7320,기  한림창업투자,사업보고서 (2009.12),한림창업투자,2010.03.30,정,00161301,20100329000515
7321,기  서광,사업보고서 (2009.12),서광,2010.03.30,,00130152,20100329000515
7322,코  이랜텍,사업보고서 (2009.12),이랜텍,2010.03.30,연,00206659,20100329000515
7323,코  코맥스,사업보고서 (2009.12),코맥스,2010.03.30,정연,00268118,20100329000515
7324,코  한창산업,사업보고서 (2009.12),한창산업,2010.03.30,,00202839,20100329000515
7325,기  데코앤에프,사업보고서 (2009.12),데코앤에프,2010.03.30,,00112819,20100329000515
7326,코  대림제지,사업보고서 (2009.12),대림제지,2010.03.30,,00109781,20100329000515
7327,기  아이디스파워텔,사업보고서 (2009.12),아이디스파워텔,2010.03.30,,00187868,20100329000515
7328,코  신성델타테크,사업보고서 (2009.12),신성델타테크,2010.03.30,연,00136226,20100329000515
7329,기  에어미디어,사업보고서 (2009.12),에어미디어,2010.03.30,,00239675,20100329000515
7330,코  한일화학,사업보고서 (2009.12),한일화학,2010.03.30,,00267979,20100329000515
7331,기  폴루스바이오팜,사업보고서 (2009.12),폴루스바이오팜,2010.03.30,정연,00167280,20100329000515
7332,코  새로닉스,사업보고서 (2009.12),새로닉스,2010.03.30,정연,00147994,20100329000515
7333,코  태광,사업보고서 (2009.12),태광,2010.03.30,,00153375,20100329000515
7334,유  코아스,사업보고서 (2009.12),코아스,2010.03.30,정,00210856,20100329000515
7335,유  대동,사업보고서 (2009.12),대동,2010.03.30,연,00109286,20100329000515
7336,유  디와이,사업보고서 (2009.12),디와이,2010.03.30,연,00117179,20100329000515
7337,유  상신브레이크,사업보고서 (2009.12),상신브레이크,2010.03.30,연,00129642,20100329000515
7338,코  메타바이오메드,사업보고서 (2009.12),메타바이오메드,2010.03.30,,00317681,20100329000515
7339,기  아이.지.앰.,사업보고서 (2009.12),아이.지.앰.,2010.03.30,,00168012,20100329000515
7340,코  삼목에스폼,사업보고서 (2009.12),삼목에스폼,2010.03.30,,00125646,20100329000515
7341,코  한울소재과학,사업보고서 (2009.12),한울소재과학,2010.03.30,,00560122,20100329000515
7342,유  대한방직,사업보고서 (2009.12),대한방직,2010.03.30,연,00112970,20100329000515
7343,코  에스앤더블류,사업보고서 (2009.12),에스앤더블류,2010.03.30,,00137012,20100329000515
7344,코  에코플라스틱,사업보고서 (2009.12),에코플라스틱,2010.03.30,,00139153,20100329000515
7345,기  하림홀딩스,사업보고서 (2009.12),하림홀딩스,2010.03.30,연,00156044,20100329000515
7346,유  진양산업,사업보고서 (2009.12),진양산업,2010.03.30,,00150439,20100329000515
7347,유  삼성출판사,사업보고서 (2009.12),삼성출판사,2010.03.30,연,00423690,20100329000515
7348,코  신라섬유,사업보고서 (2009.12),신라섬유,2010.03.30,,00135999,20100329000515
7349,기  케이에프,사업보고서 (2009.12),케이에프,2010.03.30,,00584511,20100329000515
7350,유  신도리코,사업보고서 (2009.12),신도리코,2010.03.30,연,00135795,20100329000515
7351,코  HRS,사업보고서 (2009.12),HRS,2010.03.30,,00230911,20100329000515
7352,코  NE능률,사업보고서 (2009.12),NE능률,2010.03.30,,00363927,20100329000515
7353,코  유니크,사업보고서 (2009.12),유니크,2010.03.30,연,00147152,20100329000515
7354,코  케이알엠,사업보고서 (2009.12),케이알엠,2010.03.30,,00536888,20100329000515
7355,코  YTN,사업보고서 (2009.12),YTN,2010.03.30,,00200275,20100329000515
7356,유  경방,사업보고서 (2009.12),경방,2010.03.30,연,00101628,20100329000515
7357,유  영화금속,사업보고서 (2009.12),영화금속,2010.03.30,연,00141413,20100329000515
7358,기  GS파워,사업보고서 (2009.12),GS파워,2010.03.30,,00325185,20100329000515
7359,유  한국제지,사업보고서 (2009.12),한국제지,2010.03.30,정,00133706,20100329000515
7360,유  경인전자,사업보고서 (2009.12),경인전자,2010.03.30,,00102140,20100329000515
7361,기  일신레져,사업보고서 (2009.12),일신레져,2010.03.30,,00300399,20100329000515
7362,코  아이컴포넌트,사업보고서 (2009.12),아이컴포넌트,2010.03.30,,00407285,20100329000515
7363,유  비상교육  IR,사업보고서 (2009.12),비상교육,2010.03.30,,00520887,20100329000515
7364,기  우리금융지주,사업보고서 (2009.12),우리금융지주,2010.03.30,연,00375302,20100329000515
7365,기  락앤락,사업보고서 (2009.12),락앤락,2010.03.30,연,00561866,20100329000515
7366,유  삼영전자공업,사업보고서 (2009.12),삼영전자공업,2010.03.30,연,00127200,20100329000515
7367,코  EG,사업보고서 (2009.12),EG,2010.03.30,연,00261054,20100329000515
7368,기  동성하이켐,사업보고서 (2009.12),동성하이켐,2010.03.30,,00165529,20100329000515
7369,기  오리엔트전자,사업보고서 (2009.12),오리엔트전자,2010.03.30,,00239888,20100329000515
7370,코  메디아나,사업보고서 (2009.12),메디아나,2010.03.30,,00273439,20100329000515
7371,기  삼중테크,사업보고서 (2009.12),삼중테크,2010.03.30,,00340795,20100329000515
7372,유  아센디오,사업보고서 (2009.12),아센디오,2010.03.29,,00145437,20100329000515
7373,기  지에스이피에스,사업보고서 (2009.12),지에스이피에스,2010.03.29,,00231929,20100329000515
7374,유  LG이노텍,사업보고서 (2009.12),LG이노텍,2010.03.29,연,00105961,20100329000515
7375,코  엘디티,사업보고서 (2009.12),엘디티,2010.03.29,,00540571,20100329000515
7376,유  한전KPS,사업보고서 (2009.12),한전KPS,2010.03.29,,00159218,20100329000515
7377,기  에스마크,사업보고서 (2009.12),에스마크,2010.03.29,정,00100258,20100329000515
7378,기  아라온테크,사업보고서 (2009.12),아라온테크,2010.03.29,연,00264857,20100329000515
7379,유  서흥,사업보고서 (2009.12),서흥,2010.03.29,연,00131692,20100329000515
7380,코  현대에버다임,사업보고서 (2009.12),현대에버다임,2010.03.29,,00228536,20100329000515
7381,기  블루젬디앤씨,사업보고서 (2009.12),블루젬디앤씨,2010.03.29,,00349468,20100329000515
7382,코  오상자이엘,사업보고서 (2009.12),오상자이엘,2010.03.29,정연,00226547,20100329000515
7383,기  퀀텀에너지,사업보고서 (2009.12),퀀텀에너지,2010.03.29,,00776219,20100329000515
7384,유  광동제약,사업보고서 (2009.12),광동제약,2010.03.29,,00103592,20100329000515
7385,기  제주국제컨벤션센터,사업보고서 (2009.12),제주국제컨벤션센터,2010.03.29,,00232335,20100329000515
7386,코  MDS테크,사업보고서 (2009.12),MDS테크,2010.03.29,,00445841,20100329000515
7387,유  동서,사업보고서 (2009.12),동서,2010.03.29,연,00144395,20100329000515
7388,코  셀피글로벌,사업보고서 (2009.12),셀피글로벌,2010.03.29,,00308896,20100329000515
7389,코  에스앤에스텍,사업보고서 (2009.12),에스앤에스텍,2010.03.29,,00411048,20100329000515
7390,기  에이치디씨리조트,사업보고서 (2009.12),에이치디씨리조트,2010.03.29,,00196370,20100329000515
7391,코  모다이노칩,사업보고서 (2009.12),모다이노칩,2010.03.29,,00480048,20100329000515
7392,기  폴리플러스,사업보고서 (2009.12),폴리플러스,2010.03.29,정연,00245296,20100329000515
7393,코  SM Life Design,사업보고서 (2009.12),SM Life Design,2010.03.29,,00367604,20100329000515
7394,코  정상제이엘에스,사업보고서 (2009.12),정상제이엘에스,2010.03.29,,00287788,20100329000515
7395,기  세아창원특수강,사업보고서 (2009.12),세아창원특수강,2010.03.29,,00231512,20100329000515
7396,코  메디톡스,사업보고서 (2009.12),메디톡스,2010.03.29,,00580199,20100329000515
7397,코  세코닉스,사업보고서 (2009.12),세코닉스,2010.03.29,연,00351630,20100329000515
7398,코  진바이오텍,사업보고서 (2009.12),진바이오텍,2010.03.29,연,00491053,20100329000515
7399,기  한국지주,사업보고서 (2009.12),한국지주,2010.03.29,연,00159874,20100329000515
7400,유  사조동아원,사업보고서 (2009.12),사조동아원,2010.03.29,연,00137252,20100329000515
7401,기  미래SCI,사업보고서 (2009.12),미래SCI,2010.03.29,,00111865,20100319000297
7402,코  피제이전자,사업보고서 (2009.12),피제이전자,2010.03.29,,00155735,20100319000297
7403,코  삼현철강,사업보고서 (2009.12),삼현철강,2010.03.29,,00128926,20100319000297
7404,코  하이퍼코퍼레이션,사업보고서 (2009.12),하이퍼코퍼레이션,2010.03.29,,00391197,20100319000297
7405,코  디티씨,사업보고서 (2009.12),디티씨,2010.03.29,,00371740,20100319000297
7406,기  신세계톰보이,사업보고서 (2009.12),신세계톰보이,2010.03.29,,00132488,20100319000297
7407,코  리더스코스메틱,사업보고서 (2009.12),리더스코스메틱,2010.03.29,,00180263,20100319000297
7408,유  성창기업지주,사업보고서 (2009.12),성창기업지주,2010.03.29,정연,00133335,20100319000297
7409,코  제이엠티,사업보고서 (2009.12),제이엠티,2010.03.29,연,00533508,20100319000297
7410,유  하이스틸  IR,사업보고서 (2009.12),하이스틸,2010.03.29,,00435312,20100319000297
7411,코  신일제약,사업보고서 (2009.12),신일제약,2010.03.29,,00137058,20100319000297
7412,코  앤씨앤,사업보고서 (2009.12),앤씨앤,2010.03.29,,00537337,20100319000297
7413,코  중앙첨단소재,사업보고서 (2009.12),중앙첨단소재,2010.03.29,,00347716,20100319000297
7414,코  상신이디피,사업보고서 (2009.12),상신이디피,2010.03.29,,00480783,20100319000297
7415,코  삼일기업공사,사업보고서 (2009.12),삼일기업공사,2010.03.29,,00127936,20100319000297
7416,유  송원산업,사업보고서 (2009.12),송원산업,2010.03.29,연,00134963,20100319000297
7417,기  케이아이티  IR,사업보고서 (2009.12),케이아이티,2010.03.29,,00268163,20100319000297
7418,유  조흥,사업보고서 (2009.12),조흥,2010.03.29,,00149345,20100319000297
7419,코  수성웹툰,사업보고서 (2009.12),수성웹툰,2010.03.29,,00243979,20100319000297
7420,코  대성미생물,사업보고서 (2009.12),대성미생물,2010.03.29,,00177320,20100319000297
7421,코  형지I&C,사업보고서 (2009.12),형지I&C,2010.03.29,,00142713,20100319000297
7422,기  한진피앤씨,사업보고서 (2009.12),한진피앤씨,2010.03.29,,00163619,20100319000297
7423,유  미원상사,사업보고서 (2009.12),미원상사,2010.03.29,연,00121932,20100319000297
7424,코  빌리언스,사업보고서 (2009.12),빌리언스,2010.03.29,,00173449,20100319000297
7425,코  진로발효,사업보고서 (2009.12),진로발효,2010.03.29,,00170877,20100319000297
7426,유  대한제당,사업보고서 (2009.12),대한제당,2010.03.29,연,00113234,20100319000297
7427,코  제주반도체,사업보고서 (2009.12),제주반도체,2010.03.29,,00447487,20100319000297
7428,유  KG모빌리티,사업보고서 (2009.12),KG모빌리티,2010.03.29,정연,00138242,20100319000297
7429,코  우리기술투자,사업보고서 (2009.12),우리기술투자,2010.03.29,,00231664,20100319000297
7430,기  풀무원식품,사업보고서 (2009.12),풀무원식품,2010.03.29,연,00684732,20100319000297
7431,코  프리엠스,사업보고서 (2009.12),프리엠스,2010.03.29,,00352064,20100319000297
7432,코  인트론바이오,사업보고서 (2009.12),인트론바이오,2010.03.29,,00292434,20100319000297
7433,기  팬택자산관리,[첨부정정]사업보고서 (2009.12),팬택자산관리,2010.03.29,연,00207542,20100319000297
7434,유  환인제약,사업보고서 (2009.12),환인제약,2010.03.29,,00166573,20100319000297
7435,기  라임,사업보고서 (2009.12),라임,2010.03.29,연,00389387,20100319000297
7436,기  씨티엘테크,사업보고서 (2009.12),씨티엘테크,2010.03.29,연,00355821,20100319000297
7437,기  로케트전기,사업보고서 (2009.12),로케트전기,2010.03.29,연,00120377,20100319000297
7438,코  흥구석유,사업보고서 (2009.12),흥구석유,2010.03.29,,00167004,20100319000297
7439,유  부산산업,사업보고서 (2009.12),부산산업,2010.03.29,연,00124027,20100319000297
7440,코  스페코,사업보고서 (2009.12),스페코,2010.03.29,연,00136165,20100319000297
7441,코  에스폴리텍,사업보고서 (2009.12),에스폴리텍,2010.03.29,연,00340272,20100319000297
7442,코  지에스이,사업보고서 (2009.12),지에스이,2010.03.29,,00351995,20100319000297
7443,코  폴라리스AI,사업보고서 (2009.12),폴라리스AI,2010.03.29,,00369213,20100319000297
7444,코  듀오백,사업보고서 (2009.12),듀오백,2010.03.29,,00407771,20100319000297
7445,코  현대바이오랜드,사업보고서 (2009.12),현대바이오랜드,2010.03.29,,00347062,20100319000297
7446,코  원익QnC,사업보고서 (2009.12),원익QnC,2010.03.29,연,00468374,20100319000297
7447,기  흥화,사업보고서 (2009.12),흥화,2010.03.29,,00167314,20100319000297
7448,코  국순당,사업보고서 (2009.12),국순당,2010.03.29,연,00256715,20100319000297
7449,기  에임하이글로벌,사업보고서 (2009.12),에임하이글로벌,2010.03.26,,00222806,20100319000297
7450,유  한독,사업보고서 (2009.12),한독,2010.03.26,,00161046,20100319000297
7451,코  메가스터디,사업보고서 (2009.12),메가스터디,2010.03.26,,00422284,20100319000297
7452,코  아이에이,사업보고서 (2009.12),아이에이,2010.03.26,,00252269,20100319000297
7453,유  SNT홀딩스,사업보고서 (2009.12),SNT홀딩스,2010.03.26,연,00225159,20100319000297
7454,코  우리산업홀딩스,사업보고서 (2009.12),우리산업홀딩스,2010.03.26,,00359623,20100319000297
7455,코  이건홀딩스,사업보고서 (2009.12),이건홀딩스,2010.03.26,연,00184889,20100319000297
7456,코  제넨바이오,사업보고서 (2009.12),제넨바이오,2010.03.26,연,00408956,20100319000297
7457,코  케이엘넷,사업보고서 (2009.12),케이엘넷,2010.03.26,,00246620,20100319000297
7458,코  제이엠아이,사업보고서 (2009.12),제이엠아이,2010.03.26,연,00222435,20100319000297
7459,기  대신에프앤아이,사업보고서 (2009.12),대신에프앤아이,2010.03.26,,00416593,20100319000297
7460,기  디케이씨,사업보고서 (2009.12),디케이씨,2010.03.26,,00324104,20100319000297
7461,코  네이처셀,사업보고서 (2009.12),네이처셀,2010.03.26,연,00117276,20100319000297
7462,유  SNT모티브,사업보고서 (2009.12),SNT모티브,2010.03.26,연,00398792,20100319000297
7463,기  애큐온캐피탈,사업보고서 (2009.12),애큐온캐피탈,2010.03.26,연,00595012,20100319000297
7464,유  KR모터스,사업보고서 (2009.12),KR모터스,2010.03.26,정연,00112378,20100319000297
7465,유  SNT에너지,사업보고서 (2009.12),SNT에너지,2010.03.26,,00648721,20100319000297
7466,코  엠벤처투자,사업보고서 (2009.12),엠벤처투자,2010.03.26,,00136642,20100319000297
7467,유  SNT다이내믹스,사업보고서 (2009.12),SNT다이내믹스,2010.03.26,연,00134477,20100319000297
7468,코  케이바이오,사업보고서 (2009.12),케이바이오,2010.03.26,,00255105,20100319000297
7469,기  세영디앤씨,사업보고서 (2009.12),세영디앤씨,2010.03.26,,00347877,20100319000297
7470,코  선광,사업보고서 (2009.12),선광,2010.03.26,정연,00131896,20100319000297
7471,코  에이스침대,사업보고서 (2009.12),에이스침대,2010.03.26,,00140052,20100319000297
7472,코  모헨즈,사업보고서 (2009.12),모헨즈,2010.03.26,연,00163318,20100319000297
7473,코  코웰패션,사업보고서 (2009.12),코웰패션,2010.03.26,연,00155948,20100319000297
7474,유  마니커,사업보고서 (2009.12),마니커,2010.03.26,연,00204208,20100319000297
7475,기  플랜텍,사업보고서 (2009.12),플랜텍,2010.03.26,,00181934,20100319000297
7476,유  삼일제약,사업보고서 (2009.12),삼일제약,2010.03.26,,00128032,20100319000297
7477,코  옵트론텍,사업보고서 (2009.12),옵트론텍,2010.03.26,연,00327396,20100319000297
7478,코  푸른기술,사업보고서 (2009.12),푸른기술,2010.03.26,,00537832,20100319000297
7479,기  티엘아이,사업보고서 (2009.12),티엘아이,2010.03.26,,00261887,20100319000297
7480,유  대유플러스,사업보고서 (2009.12),대유플러스,2010.03.26,,00126089,20100319000297
7481,유  남선알미늄,사업보고서 (2009.12),남선알미늄,2010.03.25,정연,00107224,20100319000297
7482,기  글라소울,사업보고서 (2009.12),글라소울,2010.03.25,연,00272412,20100319000297
7483,유  롯데렌탈,사업보고서 (2009.12),롯데렌탈,2010.03.25,,00545716,20100319000297
7484,코  코콤,사업보고서 (2009.12),코콤,2010.03.25,,00187725,20100319000297
7485,코  하이드로리튬,사업보고서 (2009.12),하이드로리튬,2010.03.25,,00527491,20100319000297
7486,유  미창석유공업,사업보고서 (2009.12),미창석유공업,2010.03.25,,00122056,20100319000297
7487,코  스맥,사업보고서 (2009.12),스맥,2010.03.25,,00580056,20100319000297
7488,코  잉크테크,사업보고서 (2009.12),잉크테크,2010.03.25,정,00261656,20100319000297
7489,기  인터피온반도체,사업보고서 (2009.12),인터피온반도체,2010.03.24,,00111591,20100319000297
7490,코  테크엘,사업보고서 (2009.12),테크엘,2010.03.24,,00370255,20100319000297
7491,기  글로웨이,사업보고서 (2009.12),글로웨이,2010.03.24,연,00146764,20100319000297
7492,코  삼표시멘트,사업보고서 (2009.12),삼표시멘트,2010.03.24,연,00239639,20100319000297
7493,코  AP헬스케어,사업보고서 (2009.12),AP헬스케어,2010.03.24,,00653194,20100319000297
7494,코  특수건설,사업보고서 (2009.12),특수건설,2010.03.24,,00186939,20100319000297
7495,코  도이치모터스,사업보고서 (2009.12),도이치모터스,2010.03.22,,00449379,20100319000297
7496,기  아이비케이캐피탈,사업보고서 (2009.12),아이비케이캐피탈,2010.03.22,,00275251,20100319000297
7497,코  오디텍,사업보고서 (2009.12),오디텍,2010.03.22,연,00529815,20100319000297
7498,기  디비엘,사업보고서 (2009.12),디비엘,2010.03.22,,00291152,20100319000297
7499,유  쌍방울,[기재정정]사업보고서 (2008.12),쌍방울,2010.03.19,정연,00681142,20100319000297
7500,유  계룡건설산업,사업보고서 (2009.12),계룡건설산업,2010.03.19,연,00102432,20100319000297
7501,코  대한뉴팜,사업보고서 (2009.12),대한뉴팜,2010.03.19,정,00207375,20100126000103
7502,기  팬택자산관리,사업보고서 (2009.12),팬택자산관리,2010.03.19,정연,00207542,20100126000103
7503,유  LG디스플레이,사업보고서 (2009.12),LG디스플레이,2010.03.18,연,00105873,20100126000103
7504,유  오뚜기,사업보고서 (2009.12),오뚜기,2010.03.17,연,00141529,20100126000103
7505,코  한국정보통신,사업보고서 (2009.12),한국정보통신,2010.03.17,,00159342,20100126000103
7506,기  농업회사법인화순농특산물유통,사업보고서 (2009.12),농업회사법인화순농특산물유통,2010.03.15,,00700085,20100126000103
7507,유  티케이지휴켐스,사업보고서 (2009.12),티케이지휴켐스,2010.03.12,연,00426086,20100126000103
7508,기  현대커머셜  IR,사업보고서 (2009.12),현대커머셜,2010.03.12,,00603278,20100126000103
7509,기  썬코어,사업보고서 (2009.12),썬코어,2010.03.11,,00202778,20100126000103
7510,기  푸르덴셜파이낸셜인크,사업보고서 (2009.12),푸르덴셜파이낸셜인크,2010.03.08,연,00586120,20100126000103
7511,기  현대캐피탈,사업보고서 (2009.12),현대캐피탈,2010.03.04,정,00208514,20100126000103
7512,기  현대카드  IR,사업보고서 (2009.12),현대카드,2010.03.04,,00222374,20100126000103
7513,기  셀텍,사업보고서 (2009.12),셀텍,2010.03.02,연,00162577,20100126000103
7514,코  강원에너지,사업보고서 (2009.11),강원에너지,2010.03.02,,00100601,20100126000103
7515,유  현대약품,사업보고서 (2009.11),현대약품,2010.02.26,,00164706,20100126000103
7516,기  코캄,사업보고서 (2009.11),코캄,2010.02.26,,00299677,20100126000103
7517,기  인천유나이티드  IR,사업보고서 (2009.12),인천유나이티드,2010.02.25,정,00463582,20100126000103
7518,기  일화모직공업,사업보고서 (2009.11),일화모직공업,2010.02.25,,00146719,20100126000103
7519,기  평산차업집단유한공사,사업보고서 (2009.09),평산차업집단유한공사,2010.02.01,정연,00599230,20100126000103
7520,기  한국기술산업,사업보고서 (2009.10),한국기술산업,2010.01.29,,00110176,20100126000103
7521,코  농우바이오,사업보고서 (2009.10),농우바이오,2010.01.28,연,00176835,20100126000103
7522,기  피케이엘,사업보고서 (2009.10),피케이엘,2010.01.28,연,00222213,20100126000103
7523,기  뉴비지니스시스템,사업보고서 (2009.10),뉴비지니스시스템,2010.01.28,,00329446,20100126000103
7524,기  코크렙제7호위탁관리부동산투자회사,사업보고서 (2009.10),코크렙제7호위탁관리부동산투자회사,2010.01.26,,00543523,20100126000103
